filename,preprocessing_ms,inference_ms,postprocessing_ms,e2e_ms,class_id,confidence,info
000000000285.jpg,12.3552,251.4654,8.0415,271.8649,-1,0.0, -> [dog (Center): 4%]
000000000724.jpg,4.2379,266.5431,7.7764,278.5593,-1,0.0, -> [background only]
000000001268.jpg,5.9661,251.0137,8.6645,265.6469,-1,0.0, -> [person (Right): 2%]
000000002431.jpg,5.4512,267.9267,8.8456,282.2257,-1,0.0, -> [diningtable (Center): 99%]
000000002473.jpg,5.2168,301.0524,8.2448,314.516,-1,0.0, -> [person (Center): 6%]
000000002532.jpg,6.4147,249.8178,8.4196,264.6541,-1,0.0, -> [person (Center): 3%]
000000003661.jpg,4.0552,252.436,8.0748,264.5685,-1,0.0, -> [diningtable (Bottom-Right): 4%]
000000004765.jpg,5.2852,258.4409,8.6466,272.3748,-1,0.0, -> [person (Center): 5%]
000000005060.jpg,5.4756,254.048,8.3765,267.9024,-1,0.0, -> [person (Bottom): 9%]
000000005529.jpg,7.9503,250.8108,8.887,267.6502,-1,0.0, -> [person (Center): 15%]
000000005992.jpg,5.5907,249.8818,8.1134,263.5883,-1,0.0, -> [sheep (Center): 53%]
000000006040.jpg,5.2612,254.2183,9.1711,268.6536,-1,0.0, -> [train (Center): 55%]
000000006954.jpg,6.3937,251.5097,7.8807,265.7862,-1,0.0, -> [person (Center): 32%]
000000007386.jpg,6.4861,257.1764,8.9305,272.5951,-1,0.0, -> [motorbike (Center): 9%]
000000007818.jpg,4.5439,251.5351,8.4601,264.5416,-1,0.0, -> [pottedplant (Top): 4%]
000000008211.jpg,5.9893,251.9709,8.9938,266.9564,-1,0.0," -> [motorbike (Left): 8%, person (Right): 9%]"
000000008899.jpg,7.4613,250.6894,7.9634,266.1165,-1,0.0, -> [background only]
000000009483.jpg,5.5771,247.8138,8.4845,261.8777,-1,0.0," -> [person (Left): 11%, tvmonitor (Right): 1%]"
000000009891.jpg,6.3214,247.9477,10.004,264.2757,-1,0.0," -> [car (Right): 16%, person (Center): 17%]"
000000011813.jpg,3.3669,258.4537,8.6123,270.4349,-1,0.0, -> [background only]
000000013177.jpg,5.2657,249.2234,9.3798,263.8709,-1,0.0," -> [bicycle (Top): 9%, motorbike (Left): 12%, person (Right): 26%]"
000000013291.jpg,4.0349,252.1238,9.1887,265.3496,-1,0.0, -> [person (Center): 31%]
000000013348.jpg,5.1968,262.255,8.3716,275.8254,-1,0.0, -> [aeroplane (Center): 17%]
000000013729.jpg,5.545,264.8957,9.2107,279.6535,-1,0.0," -> [chair (Center): 1%, person (Center): 39%]"
000000015338.jpg,5.5952,248.7484,8.1729,262.5188,-1,0.0, -> [background only]
000000015440.jpg,5.0919,251.2332,8.705,265.0327,-1,0.0, -> [car (Top): 3%]
000000015497.jpg,5.1906,249.4869,8.7,263.3804,-1,0.0, -> [cat (Center): 52%]
000000015751.jpg,5.1725,250.2006,8.8409,264.2162,-1,0.0, -> [person (Left): 1%]
000000016228.jpg,5.5991,261.9374,8.803,276.342,-1,0.0," -> [bus (Left): 21%, horse (Right): 12%]"
000000016249.jpg,3.7045,258.0387,8.7493,270.4946,-1,0.0, -> [person (Center): 23%]
000000017031.jpg,3.6917,255.9874,8.5155,268.1969,-1,0.0, -> [background only]
000000018491.jpg,4.4404,250.6052,8.5578,263.6058,-1,0.0, -> [person (Center): 16%]
000000019042.jpg,5.3543,250.6108,8.2912,264.2592,-1,0.0, -> [background only]
000000019109.jpg,7.6886,292.8638,8.0326,308.5874,-1,0.0," -> [motorbike (Bottom): 19%, person (Bottom): 2%]"
000000020107.jpg,4.0968,263.888,7.4414,275.4283,-1,0.0, -> [background only]
000000020333.jpg,5.3451,252.4378,8.9529,266.7376,-1,0.0, -> [person (Center): 60%]
000000022371.jpg,2.2386,268.4541,8.3604,279.0553,-1,0.0, -> [person (Center): 56%]
000000022935.jpg,5.0224,261.5798,8.6264,275.2306,-1,0.0, -> [person (Center): 62%]
000000024021.jpg,4.2494,250.2958,8.5582,263.1055,-1,0.0, -> [person (Center): 76%]
000000024243.jpg,5.8416,279.8772,8.1704,293.8912,-1,0.0, -> [person (Left): 23%]
000000025139.jpg,3.7647,260.1804,8.332,272.2792,-1,0.0, -> [background only]
000000025181.jpg,6.6646,265.6803,8.6367,280.9839,-1,0.0, -> [train (Right): 7%]
000000025593.jpg,7.8008,251.6689,7.8168,267.2884,-1,0.0, -> [background only]
000000025603.jpg,6.4458,252.9972,9.11,268.5556,-1,0.0," -> [chair (Center): 9%, diningtable (Bottom): 31%, person (Right): 12%]"
000000026690.jpg,5.7062,258.1024,8.4089,272.22,-1,0.0, -> [person (Center): 17%]
000000029393.jpg,4.4124,254.6289,8.035,267.0782,-1,0.0, -> [dog (Center): 15%]
000000029984.jpg,5.8084,262.739,8.8531,277.4027,-1,0.0," -> [chair (Bottom-Right): 12%, person (Left): 1%]"
000000030494.jpg,5.6957,248.3962,7.3425,261.4365,-1,0.0, -> [dog (Top-Left): 7%]
000000031050.jpg,5.4346,256.152,8.3337,269.9225,-1,0.0, -> [pottedplant (Center): 4%]
000000031118.jpg,5.6168,254.5068,8.4788,268.6047,-1,0.0, -> [background only]
000000031217.jpg,5.3493,248.767,8.1871,262.3054,-1,0.0, -> [person (Center): 4%]
000000031620.jpg,5.0917,267.4245,7.9671,280.4854,-1,0.0, -> [person (Center): 4%]
000000031749.jpg,7.1366,274.7003,8.5642,290.4037,-1,0.0, -> [background only]
000000032081.jpg,5.87,254.5978,8.3242,268.7943,-1,0.0, -> [person (Center): 15%]
000000032570.jpg,5.1353,249.3933,7.569,262.0996,-1,0.0, -> [person (Left): 3%]
000000032817.jpg,5.6093,260.5602,7.7125,273.8847,-1,0.0, -> [person (Top): 26%]
000000035326.jpg,7.2366,262.6566,8.0796,277.9754,-1,0.0, -> [background only]
000000036494.jpg,5.3608,254.0293,8.9118,268.3049,-1,0.0, -> [person (Bottom): 34%]
000000036844.jpg,5.1195,265.7305,8.4748,279.327,-1,0.0," -> [pottedplant (Left): 2%, sofa (Bottom): 8%]"
000000036861.jpg,4.6063,256.3016,8.4164,269.3274,-1,0.0, -> [background only]
000000037689.jpg,5.2497,255.7369,8.3887,269.3775,-1,0.0, -> [background only]
000000037740.jpg,5.2845,250.6853,9.1731,265.1445,-1,0.0," -> [chair (Bottom): 9%, diningtable (Center): 1%, pottedplant (Right): 4%, tvmonitor (Center): 2%]"
000000037777.jpg,2.1234,252.8838,8.2354,263.2445,-1,0.0, -> [diningtable (Bottom): 2%]
000000037988.jpg,5.0014,249.8108,9.0552,263.8694,-1,0.0, -> [person (Center): 8%]
000000038070.jpg,3.7704,249.6452,7.7063,261.1239,-1,0.0, -> [background only]
000000038118.jpg,5.0105,254.6238,7.2366,266.8729,-1,0.0, -> [person (Bottom-Left): 3%]
000000038829.jpg,6.186,256.6893,8.5618,271.4396,-1,0.0," -> [bicycle (Bottom-Left): 17%, person (Center): 25%]"
000000039769.jpg,6.0534,251.6275,8.9312,266.6143,-1,0.0," -> [cat (Center): 46%, sofa (Top): 3%]"
000000039956.jpg,6.3319,249.7932,8.8632,264.9909,-1,0.0, -> [sofa (Bottom-Left): 17%]
000000042889.jpg,4.1603,258.9001,7.7507,270.8128,-1,0.0, -> [background only]
000000043435.jpg,7.7096,251.3025,8.2976,267.3117,-1,0.0, -> [background only]
000000043816.jpg,4.7671,326.2665,7.8151,338.8509,-1,0.0, -> [person (Center): 12%]
000000044068.jpg,4.479,250.3929,8.0737,262.9476,-1,0.0," -> [chair (Top-Left): 17%, sofa (Bottom-Left): 25%]"
000000044195.jpg,6.0433,262.4256,8.3819,276.8532,-1,0.0, -> [person (Left): 28%]
000000046031.jpg,6.257,251.0639,7.8264,265.1497,-1,0.0, -> [background only]
000000047585.jpg,5.8481,263.1118,9.3729,278.3353,-1,0.0, -> [person (Center): 60%]
000000047740.jpg,5.1408,253.5229,8.4365,267.1021,-1,0.0, -> [person (Bottom): 32%]
000000048396.jpg,5.1044,249.3286,8.8472,263.2824,-1,0.0, -> [person (Center): 58%]
000000048504.jpg,5.7632,260.8023,8.4546,275.0222,-1,0.0, -> [cow (Bottom): 16%]
000000048555.jpg,6.4578,249.4627,8.6182,264.5409,-1,0.0, -> [horse (Left): 1%]
000000050006.jpg,5.703,251.3175,8.1144,265.1371,-1,0.0, -> [boat (Bottom): 2%]
000000050331.jpg,6.004,251.9166,8.3079,266.2306,-1,0.0, -> [pottedplant (Center): 75%]
000000050896.jpg,8.4191,259.9915,8.8169,277.2299,-1,0.0, -> [diningtable (Center): 29%]
000000051008.jpg,5.402,248.432,8.0843,261.9209,-1,0.0," -> [cat (Left): 41%, sofa (Top-Left): 11%]"
000000051712.jpg,4.7493,253.3882,9.7731,267.9126,-1,0.0, -> [person (Left): 19%]
000000051738.jpg,3.5778,249.7046,8.0426,261.3271,-1,0.0, -> [background only]
000000052412.jpg,5.841,258.9755,7.7989,272.6176,-1,0.0, -> [aeroplane (Top-Left): 4%]
000000052996.jpg,6.6597,252.154,7.9984,266.814,-1,0.0, -> [person (Center): 17%]
000000054123.jpg,6.4365,254.8611,8.8781,270.1778,-1,0.0, -> [background only]
000000055022.jpg,5.8906,255.2417,7.9731,269.1073,-1,0.0, -> [bicycle (Center): 31%]
000000055150.jpg,5.3327,251.8205,9.09,266.2455,-1,0.0," -> [car (Center): 21%, person (Center): 7%]"
000000055299.jpg,4.7462,249.1945,8.4623,262.4049,-1,0.0, -> [bird (Bottom-Right): 1%]
000000057027.jpg,5.6548,264.1341,8.2835,278.0746,-1,0.0, -> [background only]
000000057672.jpg,5.6965,252.5957,8.6722,266.9664,-1,0.0," -> [boat (Center): 6%, person (Center): 10%]"
000000058111.jpg,5.7706,246.3884,9.1114,261.2725,-1,0.0, -> [cat (Center): 49%]
000000058384.jpg,5.5683,251.3756,7.151,264.0972,-1,0.0, -> [background only]
000000059386.jpg,4.9301,245.4895,8.1129,258.5342,-1,0.0, -> [background only]
000000060449.jpg,4.8555,246.5817,8.4538,259.8929,-1,0.0, -> [background only]
000000060823.jpg,7.853,258.6758,8.0184,274.5496,-1,0.0," -> [bird (Bottom): 48%, cow (Right): 4%, person (Top): 4%]"
000000060899.jpg,6.4183,251.3268,8.3762,266.1232,-1,0.0," -> [person (Center): 30%, sofa (Center): 22%]"
000000061108.jpg,5.7754,285.1405,9.6225,300.5407,-1,0.0, -> [bicycle (Bottom): 28%]
000000061471.jpg,5.536,265.3009,7.4337,278.2726,-1,0.0, -> [dog (Bottom): 14%]
000000061747.jpg,6.4376,261.2651,10.4439,278.1488,-1,0.0, -> [person (Center): 18%]
000000062355.jpg,6.0462,257.6042,7.471,271.1235,-1,0.0, -> [person (Center): 4%]
000000063047.jpg,6.1215,258.192,8.1418,272.4574,-1,0.0, -> [person (Bottom): 27%]
000000065350.jpg,7.2076,255.2151,9.0225,271.4475,-1,0.0," -> [bicycle (Top): 3%, person (Center): 20%]"
000000065455.jpg,4.4229,253.6609,8.2963,266.382,-1,0.0, -> [person (Right): 3%]
000000065485.jpg,4.4312,247.0016,7.644,259.0791,-1,0.0, -> [background only]
000000065798.jpg,6.5007,250.4407,8.2653,265.2088,-1,0.0, -> [person (Top): 43%]
000000068387.jpg,5.3593,278.7596,8.6703,292.7914,-1,0.0, -> [person (Center): 7%]
000000068409.jpg,3.5564,253.5006,9.0283,266.0872,-1,0.0, -> [person (Center): 84%]
000000071226.jpg,5.4035,262.8225,8.9385,277.1666,-1,0.0, -> [dog (Center): 39%]
000000071877.jpg,5.9929,289.1772,8.8664,304.0386,-1,0.0, -> [person (Top): 10%]
000000073326.jpg,6.2123,251.4824,8.6797,266.3771,-1,0.0, -> [bottle (Right): 2%]
000000073533.jpg,5.5046,253.7588,8.9665,268.232,-1,0.0, -> [person (Center): 76%]
000000075393.jpg,4.7218,250.6611,8.9707,264.3555,-1,0.0, -> [diningtable (Bottom-Right): 3%]
000000076417.jpg,6.6757,250.64,9.0251,266.3435,-1,0.0," -> [car (Bottom-Right): 28%, dog (Center): 7%]"
000000078420.jpg,5.0771,270.3673,8.1961,283.6426,-1,0.0, -> [cat (Bottom-Right): 11%]
000000078565.jpg,4.8685,280.4613,9.0782,294.4105,-1,0.0," -> [boat (Center): 2%, person (Right): 1%]"
000000078748.jpg,6.4539,244.0801,9.0068,259.5431,-1,0.0," -> [motorbike (Center): 28%, person (Top): 17%]"
000000079229.jpg,5.2037,266.1861,7.6502,279.0423,-1,0.0," -> [horse (Center): 14%, person (Center): 3%]"
000000079588.jpg,6.0573,261.6269,7.6721,275.3587,-1,0.0, -> [background only]
000000079969.jpg,5.6487,246.9319,8.793,261.3757,-1,0.0, -> [person (Right): 27%]
000000080057.jpg,4.3533,255.5819,8.0421,267.9794,-1,0.0, -> [background only]
000000080413.jpg,4.4037,262.4573,8.2329,275.0961,-1,0.0, -> [background only]
000000080932.jpg,5.3957,272.2914,9.0846,286.774,-1,0.0," -> [chair (Left): 2%, diningtable (Bottom): 18%, person (Center): 40%]"
000000081061.jpg,5.2826,266.9203,8.0262,280.2318,-1,0.0," -> [chair (Top-Left): 8%, sofa (Center): 10%]"
000000081988.jpg,4.5331,254.3598,9.1198,268.0147,-1,0.0, -> [person (Bottom): 18%]
000000082846.jpg,7.1371,259.5512,8.7077,275.3986,-1,0.0, -> [bus (Bottom): 59%]
000000082986.jpg,5.2682,247.5802,8.0385,260.8893,-1,0.0, -> [person (Top-Right): 7%]
000000083172.jpg,4.7059,250.8859,8.4046,263.9987,-1,0.0, -> [person (Center): 4%]
000000084431.jpg,4.1723,256.8192,6.8781,267.8718,-1,0.0, -> [tvmonitor (Top): 2%]
000000084664.jpg,5.7799,257.1167,9.2476,272.1463,-1,0.0, -> [diningtable (Center): 100%]
000000085376.jpg,5.2078,251.6301,8.4243,265.2643,-1,0.0," -> [car (Center): 17%, motorbike (Bottom): 9%]"
000000085665.jpg,4.8819,255.7595,7.9089,268.553,-1,0.0, -> [background only]
000000085682.jpg,5.3831,247.2234,9.1503,261.7592,-1,0.0, -> [person (Bottom-Right): 8%]
000000086956.jpg,5.6819,253.5718,9.6797,268.9358,-1,0.0, -> [person (Center): 65%]
000000087875.jpg,6.4467,252.9421,8.0662,267.4577,-1,0.0, -> [background only]
000000088250.jpg,5.8993,240.9446,7.7037,254.5498,-1,0.0, -> [background only]
000000088345.jpg,5.2633,244.3095,7.1917,256.7666,-1,0.0, -> [person (Bottom): 20%]
000000089670.jpg,6.9749,248.7561,7.8584,263.5916,-1,0.0, -> [background only]
000000090003.jpg,6.319,248.5137,7.8207,262.6557,-1,0.0, -> [dog (Center): 14%]
000000090062.jpg,6.0667,242.9778,7.8752,256.9217,-1,0.0, -> [cow (Center): 27%]
000000090956.jpg,4.5173,244.6644,8.4028,257.5867,-1,0.0, -> [person (Left): 1%]
000000091406.jpg,5.0095,244.2937,9.3909,258.6964,-1,0.0," -> [chair (Left): 2%, diningtable (Bottom): 14%, person (Right): 37%]"
000000091500.jpg,6.5032,268.5875,9.3475,284.4403,-1,0.0," -> [chair (Bottom-Right): 1%, person (Bottom): 48%]"
000000092660.jpg,5.1268,254.6016,7.9497,267.6805,-1,0.0, -> [background only]
000000092839.jpg,6.7653,285.1924,8.9083,300.8682,-1,0.0," -> [dog (Bottom-Right): 8%, sheep (Bottom): 12%]"
000000094185.jpg,5.5783,262.313,10.4114,278.3052,-1,0.0, -> [background only]
000000095862.jpg,3.7832,283.0215,9.0433,295.8498,-1,0.0, -> [person (Bottom): 24%]
000000096427.jpg,5.6127,286.7478,8.2484,300.611,-1,0.0, -> [person (Center): 19%]
000000096825.jpg,6.5707,259.9753,8.5439,275.0921,-1,0.0, -> [person (Center): 2%]
000000097988.jpg,7.0634,248.0245,8.6487,263.7387,-1,0.0, -> [person (Center): 15%]
000000098392.jpg,7.7002,264.8206,8.5399,281.0634,-1,0.0, -> [bus (Bottom-Right): 19%]
000000098633.jpg,4.7163,258.6725,8.6372,272.028,-1,0.0, -> [diningtable (Center): 36%]
000000100510.jpg,4.203,254.9029,8.7756,267.8836,-1,0.0," -> [horse (Center): 17%, person (Top-Left): 4%]"
000000102820.jpg,5.5212,254.9255,9.0907,269.5395,-1,0.0," -> [person (Center): 63%, pottedplant (Top-Left): 5%]"
000000103585.jpg,5.088,252.4533,8.6943,266.2376,-1,0.0, -> [background only]
000000104198.jpg,4.4563,254.046,8.1541,266.659,-1,0.0, -> [background only]
000000104424.jpg,6.0138,269.7943,8.8668,284.677,-1,0.0, -> [person (Center): 17%]
000000104666.jpg,4.7743,256.9605,8.2328,269.9702,-1,0.0, -> [background only]
000000105264.jpg,4.6893,272.2664,9.0039,285.9626,-1,0.0," -> [cow (Left): 19%, person (Right): 5%]"
000000106266.jpg,6.3235,256.1295,8.1906,270.6458,-1,0.0, -> [background only]
000000107094.jpg,5.1118,266.1474,9.1678,280.4291,-1,0.0, -> [person (Right): 1%]
000000108244.jpg,5.0144,269.4599,9.1158,283.5921,-1,0.0, -> [cat (Center): 26%]
000000108440.jpg,4.5926,252.7742,7.8741,265.2429,-1,0.0, -> [train (Center): 12%]
000000110449.jpg,3.825,264.0265,8.2191,276.0727,-1,0.0, -> [person (Center): 76%]
000000110638.jpg,5.838,269.8194,8.2922,283.9519,-1,0.0, -> [background only]
000000111951.jpg,6.3027,253.3382,8.7826,268.4257,-1,0.0, -> [background only]
000000112110.jpg,5.1206,257.6904,8.802,271.6154,-1,0.0, -> [person (Top): 15%]
000000113354.jpg,8.6672,257.3562,8.423,274.4487,-1,0.0, -> [background only]
000000114871.jpg,5.0446,266.03,8.3129,279.3897,-1,0.0, -> [diningtable (Center): 15%]
000000115118.jpg,6.5359,253.2813,8.5351,268.3548,-1,0.0, -> [train (Center): 27%]
000000115245.jpg,6.2437,252.6462,8.9357,267.8279,-1,0.0, -> [chair (Top-Right): 1%]
000000115885.jpg,4.1423,259.2244,8.8128,272.1816,-1,0.0," -> [cat (Top-Right): 5%, sofa (Bottom-Right): 7%]"
000000115898.jpg,5.514,252.5809,8.5653,266.6624,-1,0.0, -> [person (Top): 17%]
000000115946.jpg,5.6431,254.1853,7.9998,267.8305,-1,0.0, -> [car (Bottom-Left): 1%]
000000116439.jpg,4.8738,250.4824,9.637,264.9958,-1,0.0," -> [boat (Bottom-Left): 1%, person (Center): 11%]"
000000117425.jpg,4.9576,249.9583,9.059,263.9784,-1,0.0," -> [diningtable (Bottom): 33%, person (Right): 29%]"
000000118515.jpg,4.4679,250.4808,8.6451,263.5962,-1,0.0, -> [cat (Bottom): 17%]
000000118594.jpg,6.1013,258.45,8.3033,272.8569,-1,0.0, -> [cow (Top): 36%]
000000119677.jpg,5.4782,254.2327,9.1895,268.9023,-1,0.0, -> [diningtable (Center): 99%]
000000119911.jpg,4.8982,254.7122,7.818,267.4305,-1,0.0, -> [person (Center): 10%]
000000120420.jpg,5.4854,254.8147,8.9101,269.2124,-1,0.0, -> [person (Center): 59%]
000000121031.jpg,6.5817,261.8629,8.6771,277.1238,-1,0.0," -> [horse (Left): 10%, person (Center): 10%]"
000000121242.jpg,6.2431,339.2789,8.5901,354.1143,-1,0.0," -> [horse (Right): 13%, person (Center): 1%]"
000000121417.jpg,5.9961,261.304,9.305,276.6073,-1,0.0, -> [person (Center): 38%]
000000121497.jpg,4.9399,270.4231,8.9073,284.2725,-1,0.0, -> [person (Center): 13%]
000000122046.jpg,6.3545,262.2415,9.3935,277.9919,-1,0.0, -> [person (Center): 25%]
000000122927.jpg,4.1242,256.3751,8.516,269.0172,-1,0.0, -> [bird (Bottom-Right): 5%]
000000122962.jpg,5.5589,265.782,9.5697,280.9129,-1,0.0," -> [diningtable (Bottom): 26%, person (Center): 60%]"
000000123213.jpg,4.9675,263.3556,8.577,276.9022,-1,0.0, -> [person (Center): 32%]
000000123321.jpg,5.9423,263.6433,8.3094,277.8973,-1,0.0, -> [diningtable (Top): 14%]
000000123585.jpg,6.5841,257.8423,8.7542,273.1827,-1,0.0," -> [bird (Center): 1%, cat (Center): 5%]"
000000123633.jpg,4.909,256.1989,8.9869,270.0971,-1,0.0, -> [person (Center): 73%]
000000124659.jpg,5.9497,256.1435,8.4085,270.5041,-1,0.0, -> [background only]
000000126110.jpg,2.2059,270.5333,8.7154,281.4571,-1,0.0, -> [train (Bottom): 15%]
000000126137.jpg,5.6102,255.1138,9.1489,269.875,-1,0.0," -> [chair (Top-Left): 3%, person (Center): 47%]"
000000126226.jpg,6.8981,256.8919,8.7891,272.5814,-1,0.0," -> [motorbike (Center): 1%, person (Top-Left): 9%]"
000000127092.jpg,6.3244,256.7232,7.9873,271.0372,-1,0.0, -> [car (Bottom-Left): 1%]
000000127182.jpg,5.0791,257.5763,8.5166,271.1743,-1,0.0, -> [pottedplant (Right): 4%]
000000127624.jpg,5.6555,253.8338,8.9109,268.4025,-1,0.0, -> [train (Bottom-Right): 3%]
000000128372.jpg,5.0085,259.2275,9.214,273.4523,-1,0.0," -> [bus (Center): 29%, person (Bottom-Right): 6%, train (Left): 8%]"
000000129756.jpg,6.7863,253.5659,8.8561,269.2111,-1,0.0," -> [person (Center): 2%, sheep (Bottom-Right): 7%]"
000000131379.jpg,5.8851,257.6978,7.9434,271.5285,-1,0.0, -> [background only]
000000131386.jpg,4.2374,250.4142,8.7553,263.4093,-1,0.0, -> [aeroplane (Right): 22%]
000000132408.jpg,4.7093,265.0325,8.2395,277.9836,-1,0.0," -> [horse (Center): 25%, person (Left): 5%]"
000000133000.jpg,5.8774,252.4396,8.4447,266.764,-1,0.0, -> [train (Bottom): 43%]
000000133087.jpg,4.9464,257.8079,8.0949,270.852,-1,0.0, -> [background only]
000000133418.jpg,5.2084,250.8717,9.0841,265.1662,-1,0.0, -> [person (Right): 33%]
000000133778.jpg,7.4182,256.6979,8.7096,272.8283,-1,0.0, -> [cow (Center): 56%]
000000133819.jpg,5.2439,255.8455,9.1693,270.2611,-1,0.0, -> [bus (Center): 61%]
000000134096.jpg,5.8097,256.8136,9.2761,271.9017,-1,0.0, -> [cat (Center): 40%]
000000135410.jpg,5.8004,253.0318,8.8085,267.643,-1,0.0," -> [car (Top-Left): 3%, motorbike (Center): 9%, person (Center): 2%]"
000000135890.jpg,6.482,268.998,8.6964,284.1787,-1,0.0, -> [background only]
000000137727.jpg,4.8017,255.0613,9.2087,269.074,-1,0.0, -> [train (Center): 30%]
000000138115.jpg,4.9047,256.4889,9.3844,270.7799,-1,0.0, -> [person (Center): 81%]
000000138639.jpg,6.899,289.3681,9.2072,305.4767,-1,0.0," -> [bicycle (Bottom-Left): 1%, person (Bottom): 2%]"
000000138954.jpg,6.2214,287.4985,9.8864,303.6083,-1,0.0, -> [diningtable (Center): 100%]
000000139684.jpg,3.7881,259.4636,8.6289,271.8829,-1,0.0," -> [sofa (Bottom): 25%, tvmonitor (Top-Left): 3%]"
000000140270.jpg,4.6967,252.1409,8.5628,265.4024,-1,0.0," -> [horse (Center): 16%, person (Top): 3%]"
000000140420.jpg,6.8374,268.5038,9.1336,284.4771,-1,0.0, -> [background only]
000000140556.jpg,5.723,283.5265,9.0466,298.2984,-1,0.0, -> [person (Center): 54%]
000000140640.jpg,6.4115,253.3851,9.8812,269.6803,-1,0.0," -> [person (Center): 73%, pottedplant (Top-Right): 1%]"
000000140929.jpg,4.8161,256.8996,8.9479,270.6658,-1,0.0, -> [background only]
000000143931.jpg,6.3999,254.7013,9.4807,270.5843,-1,0.0, -> [bus (Center): 53%]
000000143961.jpg,4.9671,261.905,9.3985,276.2732,-1,0.0, -> [person (Bottom): 47%]
000000144114.jpg,4.4198,263.6795,8.658,276.7591,-1,0.0, -> [aeroplane (Bottom): 14%]
000000144984.jpg,4.3965,254.2724,9.1218,267.793,-1,0.0," -> [person (Center): 44%, sofa (Bottom-Left): 15%]"
000000146155.jpg,6.5967,253.351,8.4958,268.4459,-1,0.0, -> [person (Left): 49%]
000000146358.jpg,4.4904,258.3326,8.937,271.7623,-1,0.0," -> [diningtable (Bottom-Left): 17%, person (Right): 46%]"
000000147745.jpg,5.3407,269.8682,8.5315,283.7426,-1,0.0, -> [background only]
000000148620.jpg,3.4497,277.3322,8.7714,289.5555,-1,0.0, -> [tvmonitor (Top-Right): 21%]
000000148719.jpg,6.9705,272.739,8.5776,288.2892,-1,0.0, -> [background only]
000000149375.jpg,6.6439,255.6657,8.2065,270.5187,-1,0.0, -> [person (Center): 11%]
000000149770.jpg,1.3962,259.7513,8.0724,269.2221,-1,0.0, -> [person (Center): 14%]
000000150265.jpg,6.3013,281.8953,7.9181,296.1169,-1,0.0, -> [person (Left): 23%]
000000150930.jpg,4.2249,270.4996,7.9211,282.6477,-1,0.0, -> [background only]
000000151000.jpg,6.4901,259.1043,8.4558,274.0527,-1,0.0, -> [person (Center): 54%]
000000151480.jpg,5.7291,265.9761,8.5869,280.294,-1,0.0, -> [person (Top): 21%]
000000151938.jpg,5.91,284.4032,8.8047,299.1199,-1,0.0," -> [diningtable (Center): 3%, person (Center): 63%]"
000000152214.jpg,6.2085,250.3409,9.0214,265.5728,-1,0.0," -> [person (Center): 62%, sofa (Bottom-Left): 1%]"
000000152465.jpg,6.8998,251.1425,7.9645,266.0096,-1,0.0, -> [background only]
000000153011.jpg,5.2521,252.7072,8.5445,266.5058,-1,0.0," -> [car (Center): 1%, person (Center): 9%]"
000000153299.jpg,5.3557,259.3424,8.2263,272.9264,-1,0.0, -> [background only]
000000153343.jpg,5.06,269.5106,8.271,282.8442,-1,0.0, -> [background only]
000000153568.jpg,4.6307,260.9012,7.9406,273.4748,-1,0.0, -> [background only]
000000154425.jpg,4.989,257.3554,8.7341,271.0806,-1,0.0, -> [person (Left): 23%]
000000154705.jpg,5.2618,254.1718,8.7688,268.2046,-1,0.0, -> [tvmonitor (Center): 5%]
000000154947.jpg,6.5988,256.8806,8.0818,271.5631,-1,0.0, -> [sheep (Bottom): 4%]
000000155051.jpg,4.926,261.4014,8.5021,274.8317,-1,0.0, -> [background only]
000000156372.jpg,3.5345,253.5776,8.8373,265.9512,-1,0.0," -> [boat (Bottom-Left): 8%, chair (Bottom): 11%]"
000000157098.jpg,4.0867,259.0462,9.2782,272.4138,-1,0.0, -> [background only]
000000157138.jpg,3.5984,258.0483,8.699,270.3476,-1,0.0, -> [diningtable (Center): 23%]
000000157601.jpg,5.6641,262.3983,9.0504,277.1152,-1,0.0, -> [person (Left): 22%]
000000158227.jpg,4.278,252.8005,9.3944,266.4751,-1,0.0, -> [person (Center): 48%]
000000158744.jpg,5.1908,253.0924,8.6447,266.9298,-1,0.0, -> [person (Right): 6%]
000000159282.jpg,4.6794,257.8875,9.0317,271.6006,-1,0.0," -> [diningtable (Bottom): 5%, pottedplant (Center): 45%]"
000000159458.jpg,6.6289,255.5929,8.0517,270.2753,-1,0.0, -> [background only]
000000159977.jpg,6.0833,338.0891,8.8287,353.0033,-1,0.0, -> [background only]
000000160772.jpg,5.0634,251.1735,8.592,264.8311,-1,0.0, -> [boat (Center): 16%]
000000162130.jpg,5.651,249.4254,7.603,262.6815,-1,0.0, -> [background only]
000000162581.jpg,5.5082,251.4471,8.0892,265.0465,-1,0.0, -> [person (Center): 14%]
000000162732.jpg,5.3508,257.7658,8.9968,272.1156,-1,0.0, -> [person (Center): 62%]
000000162858.jpg,5.1284,264.9543,8.8459,278.9303,-1,0.0, -> [car (Bottom): 29%]
000000163155.jpg,5.0105,259.1467,8.8573,273.0168,-1,0.0, -> [cat (Bottom): 43%]
000000164637.jpg,6.5682,260.5079,8.1561,275.2346,-1,0.0, -> [background only]
000000164885.jpg,5.5663,285.9599,8.7814,300.3097,-1,0.0, -> [person (Center): 4%]
000000165500.jpg,7.6856,284.3921,7.7034,299.784,-1,0.0, -> [sheep (Right): 1%]
000000165831.jpg,5.8062,254.0501,8.6017,268.4604,-1,0.0, -> [diningtable (Top): 22%]
000000166259.jpg,5.1836,265.5058,7.9477,278.6392,-1,0.0, -> [bird (Center): 16%]
000000167067.jpg,4.2191,258.089,8.8492,271.159,-1,0.0, -> [person (Center): 65%]
000000167486.jpg,5.8632,254.0857,8.38,268.3315,-1,0.0," -> [bicycle (Bottom): 10%, person (Center): 17%]"
000000168337.jpg,6.0898,255.6686,7.9205,269.6809,-1,0.0, -> [background only]
000000170545.jpg,5.0054,256.925,7.3662,269.2995,-1,0.0, -> [background only]
000000170670.jpg,5.7481,254.5229,8.3286,268.6017,-1,0.0," -> [bottle (Top-Right): 4%, diningtable (Center): 79%]"
000000170955.jpg,4.5152,261.0858,8.8934,274.4968,-1,0.0, -> [person (Right): 13%]
000000171298.jpg,7.2753,254.9033,9.2419,271.4231,-1,0.0, -> [bus (Center): 73%]
000000171611.jpg,5.5336,261.5085,9.8322,276.8764,-1,0.0, -> [boat (Bottom): 5%]
000000172571.jpg,5.6337,256.1879,7.9543,269.7779,-1,0.0, -> [background only]
000000173008.jpg,5.7303,254.2632,8.8601,268.856,-1,0.0, -> [person (Center): 39%]
000000173799.jpg,7.523,255.0389,7.8931,270.4574,-1,0.0, -> [person (Left): 13%]
000000176847.jpg,8.1325,275.0779,8.571,291.7837,-1,0.0, -> [bird (Center): 9%]
000000177934.jpg,7.0948,257.2626,8.4558,272.8152,-1,0.0," -> [car (Center): 3%, motorbike (Bottom-Left): 18%, person (Center): 11%]"
000000179265.jpg,6.2541,262.1966,8.1825,276.6355,-1,0.0, -> [bus (Center): 10%]
000000180135.jpg,3.1365,258.1725,8.0567,269.3676,-1,0.0, -> [person (Left): 61%]
000000180188.jpg,4.8728,248.2024,8.3653,261.4428,-1,0.0, -> [train (Center): 38%]
000000180383.jpg,4.6194,251.0503,8.3884,264.0608,-1,0.0, -> [person (Left): 12%]
000000180878.jpg,6.7262,256.7378,8.5543,272.021,-1,0.0, -> [background only]
000000181421.jpg,4.3614,265.1523,8.6976,278.2136,-1,0.0," -> [boat (Center): 15%, person (Right): 7%]"
000000182162.jpg,5.278,277.9055,8.3453,291.531,-1,0.0, -> [sofa (Left): 15%]
000000182805.jpg,4.6878,257.7665,8.7128,271.1692,-1,0.0," -> [dog (Bottom-Right): 21%, person (Left): 53%]"
000000183049.jpg,5.4769,256.92,8.2749,270.6741,-1,0.0, -> [background only]
000000183437.jpg,6.5121,256.0326,8.4863,271.0331,-1,0.0, -> [person (Top): 8%]
000000183716.jpg,4.2295,257.0795,9.0728,270.3838,-1,0.0, -> [person (Center): 97%]
000000183965.jpg,5.98,270.9438,9.4751,286.4015,-1,0.0, -> [diningtable (Center): 98%]
000000184324.jpg,4.5423,258.7302,8.6202,271.8948,-1,0.0," -> [car (Left): 1%, person (Right): 2%]"
000000184338.jpg,5.3815,264.0207,7.2969,276.7012,-1,0.0, -> [background only]
000000184611.jpg,5.5351,260.0676,9.1152,274.7202,-1,0.0," -> [bicycle (Bottom-Left): 4%, person (Left): 18%]"
000000184762.jpg,6.3654,270.4812,7.0151,283.8641,-1,0.0, -> [background only]
000000185599.jpg,5.9438,265.6086,8.7713,280.3257,-1,0.0, -> [background only]
000000185950.jpg,4.1339,259.1731,8.599,271.9081,-1,0.0, -> [person (Top): 21%]
000000187243.jpg,5.5873,273.1097,11.2156,289.9148,-1,0.0, -> [person (Center): 25%]
000000187734.jpg,5.7975,263.7656,8.4176,277.9833,-1,0.0, -> [person (Left): 14%]
000000188465.jpg,5.8381,266.3227,9.4575,281.6204,-1,0.0, -> [person (Top): 48%]
000000188689.jpg,3.4606,273.0649,8.6401,285.1678,-1,0.0, -> [boat (Top): 15%]
000000189213.jpg,4.6396,259.9246,7.7185,272.2851,-1,0.0, -> [boat (Bottom-Right): 8%]
000000189698.jpg,5.7122,275.1304,8.4431,289.2881,-1,0.0, -> [car (Bottom-Left): 9%]
000000189820.jpg,6.223,266.984,9.1045,282.3137,-1,0.0, -> [chair (Bottom-Right): 11%]
000000190236.jpg,4.6288,266.7193,8.5942,279.9446,-1,0.0," -> [chair (Center): 5%, tvmonitor (Top-Left): 2%]"
000000190307.jpg,8.6282,266.2864,9.0106,283.9276,-1,0.0, -> [person (Center): 12%]
000000190676.jpg,4.8944,284.6051,8.456,297.9585,-1,0.0, -> [person (Left): 2%]
000000190756.jpg,4.9815,279.4967,8.569,293.0495,-1,0.0," -> [motorbike (Center): 27%, person (Top): 7%]"
000000190853.jpg,5.9209,277.0301,8.1859,291.1393,-1,0.0, -> [person (Bottom): 19%]
000000190923.jpg,4.5136,260.9873,7.8847,273.3878,-1,0.0, -> [background only]
000000192607.jpg,6.5988,268.0713,8.273,282.945,-1,0.0," -> [car (Bottom): 35%, person (Bottom-Right): 3%]"
000000192904.jpg,5.9978,268.2145,8.5755,282.7904,-1,0.0, -> [diningtable (Center): 100%]
000000193162.jpg,5.3193,254.2573,8.4111,267.9898,-1,0.0," -> [cow (Right): 14%, person (Top-Right): 1%]"
000000193429.jpg,5.0438,271.1197,8.2081,284.3737,-1,0.0, -> [person (Center): 14%]
000000193494.jpg,5.7544,254.3215,8.2845,268.3627,-1,0.0, -> [background only]
000000193743.jpg,4.5001,254.8625,8.4968,267.8615,-1,0.0, -> [person (Right): 33%]
000000194216.jpg,4.3234,266.0004,8.2481,278.574,-1,0.0, -> [sheep (Left): 1%]
000000194506.jpg,7.0761,260.8415,7.9894,275.9096,-1,0.0, -> [background only]
000000195842.jpg,5.4892,273.2515,8.3088,287.0516,-1,0.0," -> [person (Right): 16%, tvmonitor (Left): 3%]"
000000196009.jpg,6.0262,265.5089,8.3055,279.8428,-1,0.0, -> [diningtable (Top-Left): 1%]
000000196141.jpg,5.552,285.9976,8.3359,299.8877,-1,0.0, -> [person (Center): 15%]
000000198928.jpg,5.4905,254.977,8.6984,269.1684,-1,0.0, -> [person (Bottom): 2%]
000000199055.jpg,6.6012,263.8762,8.569,279.0483,-1,0.0, -> [person (Center): 34%]
000000199977.jpg,5.156,254.2023,8.8259,268.1864,-1,0.0, -> [aeroplane (Top-Left): 3%]
000000200667.jpg,5.6952,254.37,8.8058,268.8732,-1,0.0, -> [dog (Left): 4%]
000000200839.jpg,6.056,261.9415,8.7828,276.7823,-1,0.0, -> [bus (Center): 21%]
000000201676.jpg,5.9621,275.0101,8.1784,289.1528,-1,0.0, -> [background only]
000000202001.jpg,5.06,255.966,8.8924,269.9205,-1,0.0, -> [person (Center): 59%]
000000202228.jpg,5.2129,314.9339,9.0944,329.2437,-1,0.0, -> [person (Center): 18%]
000000203095.jpg,7.759,268.454,8.6111,284.8265,-1,0.0, -> [diningtable (Bottom): 15%]
000000203317.jpg,5.0563,263.8185,8.5665,277.4434,-1,0.0, -> [bicycle (Bottom-Right): 15%]
000000203389.jpg,6.0566,274.0809,9.0763,289.2161,-1,0.0," -> [motorbike (Bottom): 1%, person (Bottom): 41%]"
000000203488.jpg,5.7255,263.9155,7.6971,277.3403,-1,0.0, -> [background only]
000000203931.jpg,6.5709,264.2959,8.8184,279.6874,-1,0.0, -> [person (Center): 67%]
000000204186.jpg,7.6518,263.892,11.4582,283.0045,-1,0.0," -> [motorbike (Center): 37%, person (Top): 32%]"
000000205324.jpg,5.2352,277.8854,8.0771,291.2002,-1,0.0, -> [person (Left): 8%]
000000205514.jpg,5.011,259.1372,9.4819,273.6322,-1,0.0," -> [chair (Left): 16%, sofa (Right): 7%, tvmonitor (Left): 2%]"
000000205542.jpg,5.8164,250.346,8.765,264.9298,-1,0.0, -> [chair (Center): 25%]
000000206411.jpg,7.2613,270.6072,9.1715,287.0422,-1,0.0, -> [person (Left): 2%]
000000208901.jpg,4.4359,253.4616,8.3701,266.2696,-1,0.0, -> [aeroplane (Center): 5%]
000000209222.jpg,4.5317,255.5947,8.9918,269.1205,-1,0.0, -> [person (Right): 3%]
000000209613.jpg,6.2663,256.0062,9.2109,271.4855,-1,0.0, -> [sheep (Bottom-Left): 17%]
000000209747.jpg,4.0598,255.2826,9.0294,268.374,-1,0.0, -> [cat (Center): 25%]
000000209829.jpg,5.2735,260.7515,8.0381,274.0653,-1,0.0, -> [person (Center): 2%]
000000210099.jpg,5.2003,258.3111,9.0773,272.5908,-1,0.0," -> [cat (Left): 14%, chair (Bottom): 39%]"
000000210708.jpg,4.1101,252.5674,8.2852,264.965,-1,0.0, -> [background only]
000000210855.jpg,5.9533,253.4851,8.4968,267.9372,-1,0.0, -> [background only]
000000212226.jpg,3.608,254.713,8.7788,267.1021,-1,0.0, -> [person (Center): 20%]
000000212453.jpg,6.2222,258.8633,9.1754,274.2633,-1,0.0, -> [background only]
000000212895.jpg,5.4591,253.0305,8.2009,266.6929,-1,0.0, -> [background only]
000000213422.jpg,5.0223,254.9349,8.5496,268.5091,-1,0.0, -> [background only]
000000214200.jpg,6.1389,253.7066,8.5009,268.3487,-1,0.0, -> [car (Bottom-Right): 4%]
000000214703.jpg,5.7716,263.214,8.1585,277.1462,-1,0.0, -> [person (Bottom-Right): 2%]
000000214720.jpg,4.7905,254.0911,8.9267,267.8117,-1,0.0," -> [diningtable (Bottom): 25%, person (Center): 20%, sofa (Top-Right): 9%]"
000000214869.jpg,6.0101,253.3165,8.8503,268.1789,-1,0.0," -> [person (Top-Left): 8%, sofa (Top-Right): 4%]"
000000215259.jpg,4.5807,253.7638,9.6926,268.0392,-1,0.0," -> [person (Center): 42%, sofa (Bottom-Left): 8%]"
000000216419.jpg,6.0847,254.5061,8.3799,268.9727,-1,0.0, -> [background only]
000000217060.jpg,5.117,253.4994,8.4298,267.0486,-1,0.0, -> [aeroplane (Bottom): 1%]
000000217400.jpg,5.9644,257.9657,8.1569,272.0891,-1,0.0, -> [train (Center): 45%]
000000217425.jpg,5.1853,260.6174,10.2017,276.0064,-1,0.0, -> [background only]
000000219271.jpg,3.2837,251.7205,8.5324,263.5388,-1,0.0," -> [motorbike (Bottom-Left): 1%, person (Bottom-Right): 6%]"
000000219485.jpg,5.1408,267.4547,8.2914,280.8891,-1,0.0, -> [background only]
000000220310.jpg,4.0457,255.9642,8.1954,268.208,-1,0.0, -> [background only]
000000220732.jpg,6.7896,261.2653,9.1666,277.224,-1,0.0, -> [bus (Bottom): 45%]
000000221291.jpg,5.3078,251.8525,8.7376,265.9001,-1,0.0, -> [person (Bottom): 6%]
000000221502.jpg,6.0417,253.7568,8.7078,268.5092,-1,0.0, -> [background only]
000000222458.jpg,6.2255,297.7889,8.7986,312.816,-1,0.0, -> [person (Right): 1%]
000000224051.jpg,5.1653,269.4336,9.1541,283.7551,-1,0.0," -> [bicycle (Right): 16%, car (Center): 1%]"
000000224119.jpg,5.3921,253.362,8.0992,266.8556,-1,0.0, -> [background only]
000000224200.jpg,6.6074,252.8507,8.7582,268.2184,-1,0.0, -> [dog (Left): 13%]
000000224664.jpg,5.4801,249.0592,8.2547,262.7964,-1,0.0, -> [background only]
000000224724.jpg,5.6256,260.2749,7.7729,273.6755,-1,0.0, -> [background only]
000000224807.jpg,7.6026,251.1072,9.0704,267.7828,-1,0.0," -> [diningtable (Center): 27%, person (Center): 58%]"
000000225757.jpg,4.2147,273.9034,7.656,285.7769,-1,0.0, -> [tvmonitor (Top): 33%]
000000226171.jpg,5.8276,260.2755,9.0856,275.1915,-1,0.0," -> [bottle (Left): 2%, tvmonitor (Top): 33%]"
000000227044.jpg,5.6332,274.8068,9.1865,289.6286,-1,0.0, -> [cat (Center): 44%]
000000227511.jpg,4.2235,256.9041,8.7263,269.856,-1,0.0, -> [car (Bottom-Left): 9%]
000000227765.jpg,5.7515,254.991,8.53,269.275,-1,0.0, -> [background only]
000000228214.jpg,5.7689,253.0157,9.9527,268.7398,-1,0.0, -> [person (Center): 74%]
000000229111.jpg,4.5075,267.9503,9.0186,281.4788,-1,0.0, -> [person (Center): 57%]
000000229858.jpg,7.9412,277.8466,8.4172,294.2077,-1,0.0, -> [background only]
000000229948.jpg,5.5764,274.1111,8.058,287.7478,-1,0.0, -> [horse (Right): 18%]
000000230008.jpg,5.3814,252.3641,8.3646,266.1118,-1,0.0," -> [car (Right): 4%, motorbike (Bottom): 37%, person (Left): 10%]"
000000230819.jpg,5.0574,281.7152,8.1951,294.9698,-1,0.0, -> [person (Left): 2%]
000000231169.jpg,7.0354,253.7551,8.311,269.104,-1,0.0, -> [train (Center): 26%]
000000231549.jpg,5.9647,261.4901,8.3754,275.8324,-1,0.0, -> [background only]
000000231822.jpg,6.4757,251.9189,9.2779,267.6747,-1,0.0, -> [diningtable (Center): 80%]
000000233139.jpg,5.8245,253.335,8.4677,267.6293,-1,0.0, -> [background only]
000000233370.jpg,6.4852,267.2751,7.7246,281.487,-1,0.0, -> [person (Bottom): 10%]
000000235784.jpg,5.6173,268.7834,8.264,282.667,-1,0.0, -> [person (Center): 10%]
000000235836.jpg,6.8452,256.349,9.34,272.5361,-1,0.0," -> [chair (Left): 9%, person (Bottom-Right): 14%]"
000000237118.jpg,8.2849,253.7058,9.0614,271.0543,-1,0.0, -> [person (Center): 23%]
000000237984.jpg,6.3568,250.6517,8.7,265.7111,-1,0.0, -> [background only]
000000238039.jpg,6.8308,261.721,8.4642,277.0189,-1,0.0, -> [sheep (Bottom): 13%]
000000238410.jpg,6.6346,267.9391,11.0458,285.6218,-1,0.0, -> [person (Center): 40%]
000000239843.jpg,4.3652,258.0076,8.3999,270.7749,-1,0.0, -> [background only]
000000242411.jpg,5.1066,251.4822,8.2358,264.8266,-1,0.0, -> [background only]
000000243867.jpg,5.4692,250.9965,9.2058,265.6739,-1,0.0," -> [bus (Center): 44%, car (Bottom-Left): 5%]"
000000243989.jpg,4.9117,271.7411,8.7752,285.4303,-1,0.0, -> [person (Bottom): 47%]
000000244099.jpg,6.0374,256.8689,8.007,270.9157,-1,0.0, -> [horse (Left): 2%]
000000244181.jpg,5.4057,247.7682,9.3726,262.5486,-1,0.0," -> [bottle (Top-Left): 2%, diningtable (Center): 87%]"
000000248112.jpg,5.2118,254.9927,8.5214,268.728,-1,0.0, -> [person (Center): 1%]
000000248400.jpg,4.4662,253.2437,8.4628,266.1747,-1,0.0, -> [person (Left): 6%]
000000248631.jpg,7.831,303.9648,7.7241,319.5224,-1,0.0, -> [background only]
000000248980.jpg,5.5574,265.4166,9.4687,280.4447,-1,0.0, -> [diningtable (Center): 98%]
000000249219.jpg,6.9579,254.6499,9.2681,270.8778,-1,0.0, -> [bus (Bottom): 55%]
000000250137.jpg,5.8631,252.4685,9.059,267.3925,-1,0.0, -> [person (Center): 68%]
000000252216.jpg,5.4201,249.5527,9.0687,264.0438,-1,0.0," -> [dog (Bottom-Left): 3%, horse (Right): 32%, sheep (Left): 15%]"
000000252332.jpg,6.5005,252.3993,9.3603,268.2622,-1,0.0, -> [background only]
000000253002.jpg,5.2592,267.2353,8.1052,280.6018,-1,0.0, -> [bus (Center): 100%]
000000253433.jpg,4.7094,246.8993,7.3317,258.9431,-1,0.0, -> [background only]
000000253452.jpg,4.7407,254.691,8.2994,267.7332,-1,0.0, -> [diningtable (Center): 16%]
000000253695.jpg,5.4833,252.8289,7.8037,266.1181,-1,0.0, -> [person (Center): 42%]
000000253835.jpg,6.336,262.9573,8.25,277.5452,-1,0.0," -> [person (Right): 5%, train (Left): 10%]"
000000254368.jpg,6.3049,266.8171,8.7997,281.924,-1,0.0, -> [person (Center): 56%]
000000255747.jpg,5.4985,247.7163,8.8246,262.0414,-1,0.0, -> [diningtable (Center): 90%]
000000255912.jpg,5.6582,277.4145,8.1213,291.1959,-1,0.0, -> [diningtable (Center): 80%]
000000255965.jpg,5.2731,250.5299,8.5422,264.3474,-1,0.0, -> [cat (Bottom): 41%]
000000256868.jpg,5.3504,252.3862,8.072,265.8109,-1,0.0, -> [person (Center): 11%]
000000258883.jpg,5.0776,256.804,7.9479,269.8314,-1,0.0," -> [diningtable (Bottom-Right): 4%, person (Top-Left): 20%]"
000000259597.jpg,4.2063,252.3212,8.5486,265.0783,-1,0.0," -> [diningtable (Center): 6%, person (Center): 41%]"
000000260261.jpg,5.8882,248.7067,8.9933,263.5902,-1,0.0," -> [car (Top): 8%, person (Right): 24%]"
000000260470.jpg,5.6415,258.331,8.9249,272.8993,-1,0.0," -> [diningtable (Center): 38%, person (Top-Left): 5%]"
000000260657.jpg,3.1055,250.3777,8.5128,261.9984,-1,0.0, -> [person (Left): 2%]
000000261888.jpg,5.2144,250.7779,8.5161,264.5107,-1,0.0," -> [bicycle (Bottom-Right): 6%, person (Right): 9%]"
000000262227.jpg,4.6722,250.9145,8.2052,263.7942,-1,0.0, -> [tvmonitor (Top-Left): 19%]
000000262440.jpg,5.0719,254.7026,7.6309,267.4072,-1,0.0, -> [background only]
000000262487.jpg,7.1377,260.8896,9.1233,277.1528,-1,0.0, -> [person (Bottom): 19%]
000000263403.jpg,5.3277,256.6631,8.7967,270.7903,-1,0.0, -> [person (Top): 3%]
000000263463.jpg,5.0322,273.2588,7.9666,286.2599,-1,0.0, -> [person (Center): 4%]
000000263644.jpg,6.1535,258.0873,8.039,272.2821,-1,0.0, -> [background only]
000000263679.jpg,4.8239,264.2235,8.0662,277.1159,-1,0.0, -> [person (Center): 5%]
000000263966.jpg,6.1203,268.4437,7.6679,282.2342,-1,0.0, -> [horse (Center): 17%]
000000263969.jpg,7.1529,246.0848,8.9702,262.2096,-1,0.0," -> [bottle (Bottom-Left): 1%, person (Right): 47%]"
000000264335.jpg,4.8989,246.2894,8.4194,259.6096,-1,0.0, -> [bird (Center): 11%]
000000265108.jpg,5.4561,262.1581,8.5702,276.1871,-1,0.0, -> [background only]
000000265518.jpg,6.742,247.2316,8.8285,262.8043,-1,0.0, -> [diningtable (Center): 96%]
000000266400.jpg,5.2205,254.0839,9.1238,268.4301,-1,0.0, -> [motorbike (Center): 91%]
000000266409.jpg,6.0783,257.6526,8.9529,272.6859,-1,0.0, -> [person (Right): 11%]
000000267191.jpg,8.66,261.2798,7.9431,277.8852,-1,0.0, -> [background only]
000000267351.jpg,4.1456,256.7775,8.8429,269.7683,-1,0.0, -> [background only]
000000267537.jpg,6.3552,255.0527,8.448,269.858,-1,0.0, -> [person (Center): 47%]
000000267903.jpg,6.0616,252.8268,8.6004,267.491,-1,0.0, -> [background only]
000000267946.jpg,4.2599,251.1823,7.8976,263.342,-1,0.0, -> [background only]
000000269113.jpg,7.481,251.3033,8.3574,267.1439,-1,0.0, -> [dog (Right): 8%]
000000270122.jpg,5.1071,251.1826,7.4852,263.7772,-1,0.0, -> [background only]
000000270705.jpg,5.1885,250.5589,8.4658,264.216,-1,0.0," -> [bird (Center): 39%, person (Bottom-Right): 20%]"
000000271116.jpg,5.0815,264.53,8.895,278.5089,-1,0.0," -> [diningtable (Center): 10%, person (Center): 49%]"
000000272148.jpg,4.7941,257.3828,8.2996,270.4785,-1,0.0, -> [background only]
000000272212.jpg,5.7658,276.958,8.1971,290.9237,-1,0.0, -> [cow (Left): 2%]
000000272364.jpg,4.8832,257.8135,8.1368,270.836,-1,0.0, -> [background only]
000000273760.jpg,7.6241,280.6535,8.88,297.1606,-1,0.0, -> [person (Center): 22%]
000000274687.jpg,5.7421,253.3888,9.0328,268.1664,-1,0.0, -> [bicycle (Center): 60%]
000000274708.jpg,5.5791,254.5578,7.8175,267.9569,-1,0.0, -> [background only]
000000275198.jpg,6.5454,252.2799,9.0314,267.859,-1,0.0," -> [diningtable (Bottom): 37%, person (Center): 16%]"
000000276284.jpg,5.9915,251.3205,8.2169,265.5307,-1,0.0, -> [motorbike (Center): 21%]
000000276285.jpg,5.5111,266.5499,8.3356,280.3987,-1,0.0, -> [diningtable (Center): 97%]
000000278006.jpg,6.4199,256.19,8.2021,270.8145,-1,0.0, -> [background only]
000000278848.jpg,5.1679,254.7815,8.7805,268.733,-1,0.0," -> [bus (Top): 15%, person (Bottom): 16%]"
000000279774.jpg,4.338,253.6881,8.642,266.6702,-1,0.0, -> [person (Left): 20%]
000000279927.jpg,7.1599,293.7519,7.8716,308.7859,-1,0.0, -> [person (Bottom-Left): 11%]
000000281032.jpg,5.4685,252.8272,8.6007,266.8988,-1,0.0, -> [person (Right): 43%]
000000281687.jpg,4.5548,252.8226,7.797,265.1766,-1,0.0, -> [person (Bottom): 32%]
000000281759.jpg,5.6633,250.7954,8.3803,264.8412,-1,0.0, -> [person (Center): 39%]
000000282296.jpg,4.5519,249.5845,8.1677,262.3064,-1,0.0, -> [background only]
000000282298.jpg,7.2266,253.7217,8.5512,269.5015,-1,0.0, -> [person (Bottom): 27%]
000000283113.jpg,5.9817,251.3571,9.0249,266.3656,-1,0.0, -> [diningtable (Center): 99%]
000000283412.jpg,4.7079,266.6081,8.8073,280.1254,-1,0.0, -> [dog (Center): 65%]
000000284623.jpg,6.9677,265.8345,8.1694,280.9737,-1,0.0, -> [cat (Center): 56%]
000000284698.jpg,4.1174,266.4438,8.1911,278.7544,-1,0.0, -> [person (Left): 23%]
000000284725.jpg,6.0561,249.7063,7.8305,263.5955,-1,0.0," -> [bus (Center): 30%, car (Bottom-Left): 10%]"
000000284991.jpg,4.6823,250.2394,8.9496,263.8737,-1,0.0, -> [person (Center): 54%]
000000286849.jpg,3.8533,250.3698,8.6154,262.8406,-1,0.0, -> [background only]
000000287649.jpg,6.7415,256.6026,9.0612,272.4076,-1,0.0, -> [cat (Center): 53%]
000000288062.jpg,5.9202,249.9958,7.5986,263.5167,-1,0.0, -> [background only]
000000288430.jpg,3.9682,263.1935,8.519,275.6826,-1,0.0, -> [person (Center): 6%]
000000288584.jpg,5.343,253.3756,9.3332,268.0542,-1,0.0, -> [person (Center): 21%]
000000288882.jpg,5.5784,253.5504,7.9402,267.0711,-1,0.0, -> [background only]
000000289059.jpg,5.5513,274.1957,9.022,288.7721,-1,0.0, -> [person (Center): 56%]
000000289417.jpg,5.182,262.627,7.9964,275.808,-1,0.0, -> [person (Top): 12%]
000000289586.jpg,4.847,262.9862,8.0102,275.8454,-1,0.0, -> [background only]
000000289659.jpg,7.1302,259.7687,7.8303,274.7314,-1,0.0, -> [background only]
000000289702.jpg,5.5319,250.8761,8.8877,265.2976,-1,0.0, -> [dog (Bottom-Right): 16%]
000000290592.jpg,8.2795,260.9491,8.8835,278.1144,-1,0.0, -> [sheep (Center): 49%]
000000290843.jpg,4.443,249.6558,8.5981,262.6989,-1,0.0, -> [cat (Bottom): 19%]
000000291490.jpg,4.7163,250.33,9.0024,264.0506,-1,0.0," -> [cat (Left): 22%, person (Top-Right): 15%]"
000000292024.jpg,6.5177,249.1239,8.8414,264.4852,-1,0.0, -> [person (Center): 32%]
000000292082.jpg,6.9801,264.4505,8.973,280.4056,-1,0.0," -> [chair (Center): 4%, diningtable (Bottom-Left): 2%, person (Center): 36%]"
000000292908.jpg,4.7269,246.5321,7.3997,258.6609,-1,0.0, -> [background only]
000000292997.jpg,4.7582,246.6562,8.4865,259.9035,-1,0.0, -> [car (Center): 11%]
000000294350.jpg,7.4195,250.7324,8.136,266.2908,-1,0.0, -> [person (Center): 42%]
000000296222.jpg,5.5469,255.0993,8.3521,269.0003,-1,0.0, -> [person (Center): 52%]
000000296224.jpg,7.7691,258.8549,8.8255,275.4517,-1,0.0, -> [bus (Center): 86%]
000000296284.jpg,3.3256,261.3331,8.2529,272.9136,-1,0.0, -> [background only]
000000297595.jpg,5.3094,264.9773,8.4104,278.6992,-1,0.0, -> [background only]
000000297681.jpg,6.7774,251.7471,8.6759,267.2026,-1,0.0, -> [car (Bottom-Right): 3%]
000000298251.jpg,2.8065,262.0185,8.2195,273.0469,-1,0.0, -> [background only]
000000298396.jpg,6.7933,258.6473,8.6884,274.1312,-1,0.0, -> [diningtable (Bottom-Right): 14%]
000000299609.jpg,5.532,266.3949,8.2385,280.1677,-1,0.0, -> [horse (Bottom-Left): 2%]
000000300913.jpg,4.6969,258.8917,8.4237,272.0145,-1,0.0, -> [cat (Center): 61%]
000000301563.jpg,4.5636,261.4606,9.3614,275.3878,-1,0.0, -> [person (Center): 15%]
000000301981.jpg,6.4303,255.4062,8.1603,269.999,-1,0.0, -> [background only]
000000303908.jpg,5.9062,258.2755,8.5983,272.7825,-1,0.0, -> [boat (Top-Left): 2%]
000000304817.jpg,6.5588,251.5475,8.3141,266.4226,-1,0.0, -> [background only]
000000305317.jpg,4.2448,261.5666,8.156,273.9703,-1,0.0, -> [background only]
000000305609.jpg,6.7924,261.1038,8.892,276.7906,-1,0.0," -> [diningtable (Center): 80%, person (Top-Left): 4%]"
000000305695.jpg,6.4033,263.775,8.3442,278.5249,-1,0.0, -> [background only]
000000306437.jpg,5.6851,244.4748,8.0532,258.2154,-1,0.0, -> [person (Center): 3%]
000000307172.jpg,5.4522,249.7957,8.428,263.6781,-1,0.0, -> [person (Top-Left): 14%]
000000307658.jpg,7.5811,255.4389,8.5537,271.5759,-1,0.0, -> [background only]
000000308466.jpg,5.3115,258.2872,8.2962,271.8976,-1,0.0, -> [background only]
000000308793.jpg,5.9856,256.8534,8.2598,271.1011,-1,0.0, -> [person (Top): 4%]
000000308799.jpg,5.453,257.7468,8.1987,271.4011,-1,0.0, -> [background only]
000000309452.jpg,5.6896,273.1448,8.604,287.4412,-1,0.0, -> [bird (Center): 12%]
000000310862.jpg,5.8137,262.2586,7.9997,276.0743,-1,0.0, -> [person (Center): 63%]
000000311081.jpg,5.2018,250.1721,8.4757,263.8527,-1,0.0, -> [background only]
000000311295.jpg,6.7525,256.2092,9.0264,271.9912,-1,0.0, -> [background only]
000000311394.jpg,5.5321,267.6144,8.9593,282.1082,-1,0.0, -> [person (Center): 82%]
000000311518.jpg,6.3338,254.5645,9.1651,270.0658,-1,0.0, -> [boat (Center): 13%]
000000311909.jpg,6.3561,260.9104,9.2444,276.5135,-1,0.0, -> [bus (Center): 77%]
000000311950.jpg,7.0568,251.7909,9.3159,268.1665,-1,0.0, -> [diningtable (Center): 94%]
000000312263.jpg,5.8004,291.6963,8.674,306.1728,-1,0.0, -> [background only]
000000312406.jpg,6.1848,272.3525,8.8437,287.3834,-1,0.0, -> [diningtable (Center): 80%]
000000313034.jpg,5.9907,256.6202,8.1175,270.7306,-1,0.0, -> [person (Center): 52%]
000000313588.jpg,9.5043,256.2767,9.1029,274.8863,-1,0.0, -> [person (Right): 12%]
000000314182.jpg,3.989,255.4282,8.6164,268.036,-1,0.0, -> [diningtable (Center): 69%]
000000314914.jpg,6.5437,256.3979,9.0162,271.9601,-1,0.0, -> [car (Right): 2%]
000000315219.jpg,3.1005,250.939,8.2807,262.3225,-1,0.0, -> [background only]
000000316015.jpg,4.5805,253.0042,8.9986,266.5853,-1,0.0," -> [cat (Bottom-Right): 14%, tvmonitor (Center): 13%]"
000000317024.jpg,7.9236,248.9853,8.2803,265.1918,-1,0.0, -> [background only]
000000317999.jpg,5.9749,259.1911,10.1362,275.3045,-1,0.0, -> [person (Center): 62%]
000000318138.jpg,5.4152,253.8849,10.7353,270.0382,-1,0.0, -> [person (Center): 92%]
000000319369.jpg,6.1798,252.7766,8.8053,267.7636,-1,0.0, -> [person (Bottom): 8%]
000000320490.jpg,6.4826,253.9211,8.5773,268.9835,-1,0.0, -> [person (Bottom): 10%]
000000322429.jpg,7.177,249.0609,8.8821,265.1223,-1,0.0, -> [bottle (Bottom): 1%]
000000322829.jpg,5.6176,246.6902,7.3837,259.6937,-1,0.0, -> [background only]
000000322844.jpg,7.9401,266.2915,9.8377,284.0718,-1,0.0, -> [background only]
000000322968.jpg,6.669,271.2445,8.8923,286.8081,-1,0.0, -> [background only]
000000323263.jpg,6.0233,270.8529,8.9528,285.8312,-1,0.0, -> [person (Center): 32%]
000000323496.jpg,3.6538,252.8217,8.9047,265.3826,-1,0.0, -> [person (Top): 18%]
000000325031.jpg,8.4168,250.4929,7.4061,266.3184,-1,0.0, -> [background only]
000000325991.jpg,3.9003,245.9507,8.5821,258.4353,-1,0.0, -> [person (Center): 24%]
000000326541.jpg,3.9791,268.4285,10.6558,283.0655,-1,0.0," -> [car (Bottom): 2%, person (Bottom): 50%]"
000000327780.jpg,6.2711,263.8545,8.2866,278.4146,-1,0.0, -> [background only]
000000329041.jpg,5.5149,252.0239,8.8206,266.3617,-1,0.0, -> [person (Right): 20%]
000000329447.jpg,6.8892,254.5117,9.3651,270.7683,-1,0.0, -> [cow (Center): 43%]
000000329542.jpg,6.1093,253.0905,8.3445,267.5471,-1,0.0, -> [background only]
000000329614.jpg,3.2121,253.6293,9.6422,266.486,-1,0.0," -> [bus (Bottom-Left): 3%, car (Bottom): 4%]"
000000330369.jpg,4.0732,251.5734,9.642,265.291,-1,0.0, -> [boat (Center): 75%]
000000330818.jpg,5.9135,259.3951,10.5941,275.906,-1,0.0, -> [person (Left): 23%]
000000331280.jpg,4.6494,250.1105,9.0559,263.8268,-1,0.0," -> [horse (Center): 26%, person (Center): 25%]"
000000331604.jpg,4.6353,252.1815,8.9211,265.7402,-1,0.0, -> [person (Center): 3%]
000000332318.jpg,6.0567,263.646,8.4174,278.1225,-1,0.0, -> [background only]
000000333697.jpg,5.7562,265.9891,8.2834,280.0312,-1,0.0, -> [background only]
000000334006.jpg,5.711,326.0784,8.6051,340.3967,-1,0.0, -> [car (Left): 2%]
000000334371.jpg,5.4784,275.6529,8.8208,289.9543,-1,0.0, -> [bus (Center): 18%]
000000334399.jpg,5.5056,260.6426,7.8308,273.9815,-1,0.0, -> [person (Right): 11%]
000000334417.jpg,5.3314,277.773,8.0532,291.16,-1,0.0, -> [person (Center): 51%]
000000334530.jpg,5.9089,255.2559,9.0875,270.2546,-1,0.0, -> [person (Center): 2%]
000000335177.jpg,6.1639,261.9914,8.8763,277.0337,-1,0.0, -> [background only]
000000335954.jpg,6.5683,254.3922,8.9873,269.9503,-1,0.0, -> [diningtable (Center): 100%]
000000336658.jpg,6.0598,252.4178,8.9131,267.3927,-1,0.0, -> [bus (Bottom-Right): 1%]
000000337987.jpg,6.3477,275.8115,9.0732,291.235,-1,0.0, -> [bird (Center): 25%]
000000338428.jpg,6.2233,253.1574,8.8893,268.2723,-1,0.0, -> [car (Top-Right): 12%]
000000338718.jpg,4.3402,263.1741,8.9935,276.5099,-1,0.0, -> [car (Top): 34%]
000000338986.jpg,5.4951,251.8223,8.4827,265.8023,-1,0.0, -> [bus (Bottom-Left): 8%]
000000340272.jpg,7.5666,253.5634,7.7147,268.8468,-1,0.0, -> [sheep (Right): 1%]
000000340451.jpg,6.5329,250.1996,8.434,265.1686,-1,0.0, -> [person (Center): 20%]
000000340894.jpg,5.3446,258.7808,8.5762,272.7038,-1,0.0, -> [tvmonitor (Top): 20%]
000000341058.jpg,5.1461,258.9228,8.0885,272.1596,-1,0.0, -> [background only]
000000341681.jpg,4.7284,259.8185,8.5041,273.053,-1,0.0, -> [person (Center): 6%]
000000343496.jpg,5.0237,262.0708,8.3783,275.475,-1,0.0, -> [background only]
000000343524.jpg,4.5784,251.9036,8.7586,265.2428,-1,0.0, -> [person (Left): 15%]
000000343706.jpg,6.8403,252.0877,9.061,267.9916,-1,0.0, -> [person (Center): 97%]
000000343934.jpg,7.3136,263.2805,8.0971,278.6932,-1,0.0, -> [motorbike (Center): 31%]
000000344268.jpg,5.2234,254.2321,8.8392,268.2967,-1,0.0, -> [person (Center): 37%]
000000344888.jpg,6.0406,267.6993,8.3041,282.0462,-1,0.0, -> [horse (Right): 6%]
000000345385.jpg,6.3915,254.7638,9.5115,270.6689,-1,0.0," -> [person (Center): 53%, sofa (Bottom-Left): 20%]"
000000346707.jpg,3.7437,254.7105,8.0145,266.471,-1,0.0, -> [background only]
000000347163.jpg,5.2203,258.321,8.0731,271.6164,-1,0.0, -> [background only]
000000347174.jpg,5.6526,274.4539,8.5527,288.6613,-1,0.0, -> [person (Top-Right): 28%]
000000347254.jpg,4.7981,270.4532,8.8981,284.1516,-1,0.0, -> [person (Center): 85%]
000000347544.jpg,5.5001,269.3822,8.3718,283.2565,-1,0.0, -> [bus (Right): 45%]
000000348488.jpg,6.0216,273.5909,8.7837,288.3992,-1,0.0, -> [background only]
000000348708.jpg,5.5072,258.4743,9.6548,273.6384,-1,0.0, -> [diningtable (Center): 99%]
000000348881.jpg,7.3265,258.9225,7.9402,274.192,-1,0.0, -> [background only]
000000349860.jpg,5.4301,270.3188,8.5566,284.3078,-1,0.0, -> [person (Top): 7%]
000000350019.jpg,7.3479,256.8603,9.1339,273.3445,-1,0.0," -> [chair (Bottom): 38%, person (Top): 10%]"
000000351589.jpg,5.552,293.6514,8.7586,307.9642,-1,0.0, -> [background only]
000000352618.jpg,4.2229,265.5094,8.7524,278.4868,-1,0.0, -> [background only]
000000353180.jpg,4.7026,261.7516,9.4944,275.9509,-1,0.0," -> [bus (Top): 16%, person (Bottom): 41%]"
000000354829.jpg,3.5842,261.9772,9.1772,274.7414,-1,0.0, -> [car (Center): 26%]
000000355257.jpg,6.9235,300.4963,8.5347,315.9571,-1,0.0," -> [person (Bottom-Right): 4%, tvmonitor (Bottom-Left): 14%]"
000000355325.jpg,6.469,263.1124,8.6606,278.2445,-1,0.0, -> [diningtable (Center): 95%]
000000356169.jpg,5.925,264.9413,8.5621,279.4306,-1,0.0, -> [background only]
000000356248.jpg,7.2598,256.756,9.2634,273.2813,-1,0.0," -> [diningtable (Left): 5%, person (Center): 59%]"
000000356347.jpg,6.0423,255.1328,7.9738,269.1511,-1,0.0, -> [background only]
000000356427.jpg,5.9989,256.2458,8.7927,271.0398,-1,0.0, -> [person (Left): 16%]
000000356498.jpg,4.3182,260.1917,8.0699,272.5821,-1,0.0, -> [background only]
000000356505.jpg,5.8015,254.5774,8.3839,268.7647,-1,0.0, -> [person (Center): 11%]
000000356531.jpg,6.7045,256.3886,8.9442,272.0396,-1,0.0," -> [diningtable (Bottom-Right): 3%, person (Left): 35%]"
000000357459.jpg,6.9931,256.2544,8.7557,272.0054,-1,0.0, -> [dog (Center): 19%]
000000357567.jpg,6.2284,254.9143,7.7628,268.9078,-1,0.0, -> [background only]
000000357941.jpg,4.5937,255.7327,9.3251,269.6535,-1,0.0," -> [cat (Center): 6%, tvmonitor (Bottom): 43%]"
000000358427.jpg,5.9956,264.8845,8.3456,279.2277,-1,0.0, -> [diningtable (Top-Left): 3%]
000000359937.jpg,6.3242,264.7506,8.9087,279.9856,-1,0.0, -> [bus (Center): 88%]
000000360393.jpg,5.4791,256.0338,9.5287,271.0436,-1,0.0, -> [diningtable (Center): 63%]
000000360943.jpg,5.2549,254.4029,8.4292,268.0894,-1,0.0, -> [background only]
000000361180.jpg,6.8393,260.0185,9.2229,276.0839,-1,0.0, -> [dog (Top): 1%]
000000361506.jpg,6.8915,260.2572,8.5934,275.7449,-1,0.0, -> [background only]
000000361551.jpg,5.0536,266.7115,7.9801,279.7473,-1,0.0, -> [person (Bottom): 9%]
000000361586.jpg,5.1114,269.0143,8.6594,282.7871,-1,0.0," -> [boat (Bottom-Right): 4%, person (Bottom-Left): 8%]"
000000362434.jpg,4.2989,263.1632,7.4299,274.8942,-1,0.0, -> [background only]
000000362520.jpg,5.4346,252.4275,8.0134,265.8774,-1,0.0, -> [person (Center): 35%]
000000362716.jpg,5.2237,256.5531,8.8254,270.605,-1,0.0, -> [person (Center): 39%]
000000363188.jpg,5.9401,258.1627,8.7997,272.9046,-1,0.0, -> [person (Bottom): 62%]
000000363461.jpg,5.9927,256.5599,7.7529,270.3077,-1,0.0," -> [chair (Left): 7%, tvmonitor (Center): 1%]"
000000366225.jpg,6.0659,255.5559,8.0057,269.6297,-1,0.0, -> [tvmonitor (Top): 38%]
000000367680.jpg,2.6796,254.4809,8.9532,266.1162,-1,0.0," -> [bus (Left): 4%, car (Right): 6%, person (Center): 2%]"
000000368335.jpg,5.4087,257.5159,8.6775,271.6044,-1,0.0," -> [car (Center): 42%, horse (Center): 12%]"
000000368940.jpg,5.7751,255.3315,8.2845,269.3932,-1,0.0, -> [background only]
000000369037.jpg,5.388,264.6964,8.4582,278.5447,-1,0.0, -> [person (Bottom-Right): 25%]
000000369370.jpg,5.86,267.9502,8.6107,282.4232,-1,0.0, -> [diningtable (Center): 100%]
000000369751.jpg,5.5432,249.678,7.929,263.1525,-1,0.0, -> [car (Top): 5%]
000000370042.jpg,4.5014,286.9651,7.701,299.1695,-1,0.0, -> [background only]
000000370478.jpg,5.3593,277.641,7.55,290.553,-1,0.0, -> [background only]
000000371677.jpg,6.9339,253.7825,8.3803,269.0988,-1,0.0, -> [tvmonitor (Top-Left): 19%]
000000372466.jpg,4.4781,254.3029,7.5897,266.3731,-1,0.0," -> [person (Top-Right): 1%, tvmonitor (Top): 10%]"
000000372819.jpg,6.0729,254.2354,8.1307,268.4411,-1,0.0," -> [dog (Center): 6%, person (Top-Right): 2%]"
000000373353.jpg,6.6422,261.5274,9.4201,277.5923,-1,0.0," -> [bus (Center): 6%, car (Bottom): 6%, person (Bottom-Right): 5%]"
000000375430.jpg,6.0449,267.7562,8.571,282.3749,-1,0.0," -> [chair (Top): 5%, diningtable (Bottom-Right): 2%]"
000000376112.jpg,5.3056,249.3478,8.3451,263.0011,-1,0.0, -> [person (Center): 33%]
000000376206.jpg,5.4598,252.9194,8.8987,267.2801,-1,0.0, -> [person (Center): 1%]
000000376278.jpg,6.4017,255.1476,8.8846,270.4362,-1,0.0, -> [background only]
000000376322.jpg,6.2903,253.5674,8.8214,268.6816,-1,0.0," -> [diningtable (Bottom): 39%, person (Center): 32%]"
000000376478.jpg,5.6783,251.483,8.8057,265.9694,-1,0.0, -> [diningtable (Bottom-Right): 1%]
000000376900.jpg,6.3656,252.3279,8.949,267.6448,-1,0.0, -> [person (Center): 30%]
000000377113.jpg,5.8229,253.8173,7.3367,266.979,-1,0.0, -> [person (Left): 18%]
000000377368.jpg,6.9279,248.1809,9.0568,264.1678,-1,0.0," -> [diningtable (Center): 70%, person (Top-Left): 17%]"
000000377670.jpg,6.1945,258.3147,8.4221,272.9333,-1,0.0," -> [boat (Top): 15%, person (Bottom-Right): 15%]"
000000377723.jpg,5.7568,249.8533,8.5074,264.1201,-1,0.0," -> [bus (Right): 17%, person (Bottom): 15%]"
000000377946.jpg,5.5843,253.8272,8.5835,267.9971,-1,0.0, -> [background only]
000000378515.jpg,5.5913,265.1917,8.7593,279.5441,-1,0.0, -> [person (Top): 8%]
000000378605.jpg,4.5012,251.1787,7.9614,263.6434,-1,0.0, -> [diningtable (Center): 29%]
000000379453.jpg,2.7396,251.4465,9.0343,263.2224,-1,0.0, -> [aeroplane (Center): 8%]
000000379800.jpg,7.2985,249.7815,8.8155,265.8977,-1,0.0, -> [train (Center): 41%]
000000381587.jpg,5.3424,254.8726,8.3945,268.6117,-1,0.0, -> [person (Right): 2%]
000000382734.jpg,5.5419,249.1656,8.3215,263.0313,-1,0.0, -> [background only]
000000383289.jpg,5.2576,254.2718,8.9639,268.4956,-1,0.0," -> [car (Bottom-Left): 33%, person (Right): 19%]"
000000383443.jpg,5.6742,250.1052,8.338,264.1199,-1,0.0, -> [background only]
000000384651.jpg,5.3237,250.4945,8.4652,264.2855,-1,0.0, -> [background only]
000000385205.jpg,6.1006,257.0396,7.9811,271.1238,-1,0.0, -> [cat (Center): 67%]
000000386457.jpg,5.1993,263.7837,8.452,277.4371,-1,0.0, -> [cat (Center): 17%]
000000389197.jpg,5.1958,252.5184,9.3665,267.0828,-1,0.0, -> [person (Top): 8%]
000000389381.jpg,6.8549,350.5517,8.8354,366.2443,-1,0.0, -> [diningtable (Center): 100%]
000000390555.jpg,5.254,266.1747,9.2623,280.6933,-1,0.0, -> [person (Center): 93%]
000000392722.jpg,5.9307,267.0037,8.6135,281.5502,-1,0.0, -> [person (Bottom-Right): 1%]
000000393056.jpg,5.7376,252.1402,8.529,266.4089,-1,0.0, -> [person (Center): 1%]
000000393469.jpg,6.7716,258.9049,8.699,274.3778,-1,0.0, -> [person (Bottom): 4%]
000000394275.jpg,6.5925,251.9896,8.6473,267.2326,-1,0.0, -> [bus (Center): 71%]
000000394559.jpg,5.6013,275.9664,7.9006,289.4703,-1,0.0, -> [person (Center): 14%]
000000394940.jpg,4.9184,259.4738,8.6313,273.0257,-1,0.0, -> [person (Center): 72%]
000000395701.jpg,6.0069,264.3313,9.2624,279.6029,-1,0.0," -> [chair (Bottom): 12%, pottedplant (Top-Right): 1%, tvmonitor (Bottom-Left): 3%]"
000000396274.jpg,6.3926,248.2138,7.9915,262.6005,-1,0.0, -> [pottedplant (Right): 4%]
000000396729.jpg,6.2399,252.7462,8.4522,267.4407,-1,0.0, -> [background only]
000000396863.jpg,6.4186,259.8344,9.4016,275.6572,-1,0.0," -> [horse (Left): 13%, person (Top-Left): 6%]"
000000397303.jpg,6.284,263.2714,8.3464,277.9042,-1,0.0, -> [person (Right): 36%]
000000398810.jpg,5.5247,279.2677,8.807,293.6015,-1,0.0, -> [cat (Right): 29%]
000000399296.jpg,5.6832,258.1086,8.1436,271.9373,-1,0.0, -> [background only]
000000400044.jpg,5.8761,257.1356,8.1987,271.2127,-1,0.0, -> [person (Bottom): 14%]
000000400082.jpg,3.997,262.1311,7.7182,273.8486,-1,0.0, -> [diningtable (Center): 36%]
000000400367.jpg,4.1696,252.8766,8.7146,265.7635,-1,0.0," -> [boat (Bottom-Right): 7%, car (Bottom-Left): 7%]"
000000400794.jpg,4.7676,264.6289,9.2535,278.6522,-1,0.0, -> [person (Center): 91%]
000000400803.jpg,5.3536,251.0323,8.6569,265.0453,-1,0.0, -> [boat (Left): 44%]
000000401244.jpg,4.7494,253.8608,8.1649,266.7773,-1,0.0, -> [person (Center): 34%]
000000401446.jpg,6.1106,249.4187,8.5407,264.0721,-1,0.0, -> [person (Center): 20%]
000000401862.jpg,6.4181,262.0564,8.6355,277.1122,-1,0.0, -> [person (Bottom): 30%]
000000402774.jpg,5.7204,261.7194,8.8142,276.256,-1,0.0, -> [person (Center): 25%]
000000404191.jpg,4.4713,255.0,8.1491,267.6225,-1,0.0, -> [background only]
000000404479.jpg,5.2935,251.2086,8.5274,265.0316,-1,0.0, -> [aeroplane (Bottom): 13%]
000000404839.jpg,5.4107,254.4635,8.428,268.3043,-1,0.0, -> [person (Center): 73%]
000000404922.jpg,4.0466,256.9638,7.9572,268.9702,-1,0.0, -> [person (Center): 57%]
000000404923.jpg,7.332,248.3074,8.0236,263.665,-1,0.0, -> [person (Center): 16%]
000000405205.jpg,5.9137,256.289,9.6232,271.8286,-1,0.0, -> [bus (Center): 83%]
000000405279.jpg,5.3683,250.1774,8.3163,263.8644,-1,0.0, -> [background only]
000000405306.jpg,5.4517,250.3326,8.3824,264.1687,-1,0.0, -> [cat (Center): 65%]
000000405432.jpg,3.6008,253.8755,8.8723,266.3506,-1,0.0, -> [diningtable (Top-Right): 25%]
000000406611.jpg,6.0222,299.6167,8.4174,314.0585,-1,0.0, -> [person (Bottom): 17%]
000000406997.jpg,6.4383,251.202,8.8239,266.4665,-1,0.0," -> [person (Center): 29%, sheep (Center): 21%]"
000000407524.jpg,5.9374,254.874,8.692,269.5054,-1,0.0, -> [diningtable (Center): 99%]
000000407646.jpg,4.0249,249.943,8.8845,262.8544,-1,0.0, -> [person (Center): 39%]
000000407650.jpg,4.538,262.4121,7.626,274.5787,-1,0.0, -> [person (Center): 1%]
000000407943.jpg,4.2352,265.2383,8.8933,278.3694,-1,0.0, -> [person (Bottom-Right): 17%]
000000408112.jpg,5.468,252.1683,8.281,265.9197,-1,0.0, -> [aeroplane (Center): 12%]
000000408120.jpg,5.7826,259.7685,8.5641,274.1172,-1,0.0, -> [person (Top): 2%]
000000409867.jpg,4.3582,262.2161,7.8537,274.4304,-1,0.0, -> [background only]
000000410456.jpg,6.6098,250.8383,7.6275,265.0777,-1,0.0, -> [person (Center): 12%]
000000410487.jpg,4.8978,252.6036,7.847,265.3508,-1,0.0, -> [background only]
000000412286.jpg,3.1637,253.2941,7.6793,264.1394,-1,0.0, -> [person (Center): 18%]
000000414261.jpg,5.07,246.4002,7.6512,259.1239,-1,0.0, -> [background only]
000000414795.jpg,8.5791,261.1885,8.5367,278.3068,-1,0.0, -> [person (Bottom): 7%]
000000415194.jpg,6.9284,253.8174,8.4339,269.1821,-1,0.0," -> [chair (Center): 4%, diningtable (Left): 1%]"
000000415748.jpg,6.1871,254.881,8.1333,269.2033,-1,0.0, -> [person (Top-Left): 4%]
000000415882.jpg,5.8463,261.0639,8.3769,275.2891,-1,0.0," -> [person (Bottom): 43%, sofa (Bottom-Right): 5%]"
000000415990.jpg,3.8234,304.112,9.5139,317.4516,-1,0.0," -> [cow (Right): 3%, horse (Left): 7%]"
000000416330.jpg,5.681,252.2354,9.0444,266.963,-1,0.0, -> [cat (Center): 76%]
000000416343.jpg,5.8013,250.0899,8.8221,264.7156,-1,0.0, -> [person (Bottom-Right): 22%]
000000416534.jpg,4.3581,257.6875,8.6647,270.7124,-1,0.0, -> [chair (Bottom-Left): 15%]
000000416745.jpg,6.7401,265.5772,7.8379,280.1577,-1,0.0, -> [background only]
000000417085.jpg,6.5661,253.8042,8.6094,268.982,-1,0.0, -> [cow (Bottom-Right): 11%]
000000419098.jpg,7.5796,251.959,7.4604,267.0014,-1,0.0, -> [background only]
000000419201.jpg,4.7728,267.0701,8.3329,280.1786,-1,0.0, -> [background only]
000000419408.jpg,6.7009,254.2424,8.7593,269.7046,-1,0.0, -> [person (Center): 6%]
000000419601.jpg,3.9755,255.4424,8.6928,268.113,-1,0.0, -> [sofa (Bottom): 17%]
000000419974.jpg,5.1707,252.8315,9.1509,267.1556,-1,0.0," -> [dog (Bottom-Left): 7%, person (Center): 23%]"
000000420916.jpg,5.3388,310.7078,9.8698,325.9186,-1,0.0, -> [person (Bottom-Right): 8%]
000000421834.jpg,5.8727,252.7971,8.0135,266.6856,-1,0.0, -> [background only]
000000422706.jpg,5.3761,252.6115,8.5039,266.4939,-1,0.0, -> [boat (Left): 9%]
000000422998.jpg,5.2193,253.3752,9.4962,268.093,-1,0.0," -> [bottle (Bottom-Right): 9%, diningtable (Bottom): 28%, person (Top): 53%]"
000000423123.jpg,4.7053,262.9789,8.7766,276.4634,-1,0.0, -> [person (Left): 40%]
000000423506.jpg,3.9776,262.9204,9.1022,276.0025,-1,0.0, -> [person (Center): 92%]
000000423617.jpg,6.4299,254.4677,8.5523,269.4525,-1,0.0," -> [bus (Center): 30%, car (Bottom): 13%]"
000000424349.jpg,5.3431,254.5478,7.8795,267.7731,-1,0.0, -> [person (Bottom-Right): 24%]
000000424776.jpg,5.9787,252.8094,7.8812,266.6722,-1,0.0, -> [aeroplane (Center): 31%]
000000424975.jpg,6.6692,260.4015,7.6098,274.6827,-1,0.0, -> [background only]
000000425226.jpg,6.4035,255.9533,8.5715,270.9303,-1,0.0, -> [person (Bottom): 24%]
000000425227.jpg,4.6979,250.5879,6.7944,262.0823,-1,0.0, -> [background only]
000000425361.jpg,5.4568,262.0342,9.2655,276.7588,-1,0.0," -> [diningtable (Bottom): 3%, person (Left): 35%]"
000000426253.jpg,4.7871,252.2675,8.4633,265.5201,-1,0.0, -> [background only]
000000426372.jpg,5.7458,263.83,8.2418,277.8199,-1,0.0, -> [background only]
000000426836.jpg,7.7389,252.191,8.2037,268.136,-1,0.0, -> [background only]
000000427077.jpg,3.6754,263.5668,8.7424,275.9869,-1,0.0, -> [person (Center): 20%]
000000428280.jpg,4.0651,258.3596,8.5572,270.9839,-1,0.0, -> [chair (Center): 16%]
000000428867.jpg,3.8623,263.286,7.527,274.6773,-1,0.0, -> [background only]
000000429598.jpg,6.4918,251.7779,8.3338,266.6057,-1,0.0, -> [background only]
000000429690.jpg,5.4658,271.9945,8.621,286.0833,-1,0.0, -> [person (Center): 31%]
000000430048.jpg,3.9558,252.8384,8.8777,265.6738,-1,0.0, -> [car (Bottom): 2%]
000000433192.jpg,3.6795,265.8934,7.3649,276.9401,-1,0.0, -> [background only]
000000433915.jpg,4.7789,259.5605,8.7106,273.0522,-1,0.0," -> [person (Center): 53%, tvmonitor (Right): 13%]"
000000434548.jpg,5.8012,261.9464,8.8031,276.5528,-1,0.0, -> [person (Center): 13%]
000000437110.jpg,5.9675,255.7103,7.9482,269.6282,-1,0.0, -> [background only]
000000438226.jpg,4.0078,251.9705,9.3815,265.362,-1,0.0, -> [diningtable (Center): 100%]
000000438774.jpg,5.7609,293.5447,9.921,309.2287,-1,0.0," -> [diningtable (Bottom-Right): 10%, person (Center): 32%]"
000000439180.jpg,5.5418,258.379,8.8353,272.7583,-1,0.0," -> [horse (Bottom): 28%, person (Center): 12%]"
000000439426.jpg,7.5624,277.2097,7.8454,292.6199,-1,0.0, -> [person (Left): 7%]
000000439854.jpg,3.3596,266.2106,8.349,277.9218,-1,0.0, -> [person (Bottom): 11%]
000000440171.jpg,4.6674,250.0143,8.2498,262.9337,-1,0.0, -> [person (Right): 1%]
000000440184.jpg,5.062,262.7141,8.7458,276.524,-1,0.0, -> [person (Left): 7%]
000000441491.jpg,5.0165,246.5723,8.8507,260.4419,-1,0.0, -> [person (Center): 99%]
000000441553.jpg,6.7116,261.7504,9.316,277.7806,-1,0.0, -> [person (Bottom): 17%]
000000442323.jpg,6.1434,263.6837,8.6297,278.4592,-1,0.0, -> [tvmonitor (Center): 10%]
000000442456.jpg,5.2878,261.5314,9.5038,276.3255,-1,0.0," -> [car (Top-Left): 4%, motorbike (Left): 1%, person (Left): 7%]"
000000442480.jpg,6.9739,261.97,10.1524,279.0986,-1,0.0, -> [aeroplane (Center): 4%]
000000442993.jpg,6.0774,254.9362,7.8925,268.9083,-1,0.0, -> [background only]
000000445248.jpg,6.8384,252.6583,8.0794,267.5782,-1,0.0, -> [background only]
000000445675.jpg,6.5673,261.63,8.7544,276.954,-1,0.0, -> [background only]
000000445722.jpg,4.385,262.1774,8.6012,275.1657,-1,0.0, -> [person (Bottom-Right): 12%]
000000445846.jpg,4.9314,251.1819,8.2398,264.355,-1,0.0, -> [background only]
000000445999.jpg,4.5137,266.7593,8.5097,279.7851,-1,0.0, -> [person (Center): 99%]
000000446206.jpg,5.4486,260.0263,7.788,273.2648,-1,0.0," -> [bus (Bottom-Left): 1%, train (Center): 14%]"
000000447314.jpg,4.6939,250.8997,8.1898,263.7855,-1,0.0, -> [person (Bottom-Left): 3%]
000000447789.jpg,7.2653,253.865,8.2469,269.3794,-1,0.0, -> [background only]
000000448263.jpg,1.9824,254.2293,8.7608,264.9748,-1,0.0, -> [person (Center): 61%]
000000448365.jpg,5.5899,253.5749,8.6406,267.8076,-1,0.0, -> [person (Left): 17%]
000000448448.jpg,6.4591,253.0724,8.4379,267.9715,-1,0.0, -> [background only]
000000449432.jpg,5.3758,253.941,8.2068,267.526,-1,0.0," -> [bus (Center): 15%, person (Center): 25%]"
000000450075.jpg,6.4873,255.0978,8.8728,270.46,-1,0.0, -> [person (Center): 58%]
000000450439.jpg,3.2823,252.7447,8.7432,264.7725,-1,0.0, -> [background only]
000000451144.jpg,6.2611,266.8172,8.1469,281.2274,-1,0.0, -> [person (Right): 5%]
000000451155.jpg,5.4745,251.9775,7.728,265.1829,-1,0.0, -> [tvmonitor (Center): 1%]
000000451693.jpg,7.0848,269.8058,9.0299,285.923,-1,0.0, -> [diningtable (Center): 20%]
000000453001.jpg,6.379,266.4608,8.7397,281.5823,-1,0.0," -> [person (Center): 24%, pottedplant (Center): 5%]"
000000453166.jpg,5.1846,252.477,9.7498,267.4133,-1,0.0, -> [person (Center): 64%]
000000455157.jpg,8.2575,274.411,9.013,291.6841,-1,0.0," -> [diningtable (Right): 4%, person (Center): 5%]"
000000455716.jpg,7.0165,256.91,8.8333,272.7624,-1,0.0," -> [motorbike (Center): 62%, person (Right): 2%]"
000000455872.jpg,3.7826,253.7828,8.3742,265.9416,-1,0.0, -> [background only]
000000455937.jpg,6.6843,260.4895,8.9754,276.1513,-1,0.0," -> [person (Left): 8%, sofa (Bottom): 19%, tvmonitor (Top-Right): 5%]"
000000456303.jpg,3.5554,283.5507,8.3984,295.5071,-1,0.0, -> [background only]
000000456394.jpg,1.7283,254.4818,9.4882,265.7005,-1,0.0, -> [motorbike (Center): 37%]
000000456662.jpg,6.8464,252.346,7.5513,266.7457,-1,0.0, -> [person (Center): 14%]
000000456865.jpg,5.4326,302.2001,9.0655,316.7006,-1,0.0, -> [aeroplane (Center): 11%]
000000457848.jpg,5.2257,269.3248,9.41,283.9629,-1,0.0," -> [motorbike (Center): 68%, person (Top): 2%]"
000000458702.jpg,5.5312,256.3992,8.6469,270.5797,-1,0.0, -> [car (Bottom-Left): 3%]
000000459954.jpg,4.3806,261.8827,8.5411,274.8075,-1,0.0, -> [background only]
000000460379.jpg,6.4218,252.2261,8.405,267.0551,-1,0.0, -> [background only]
000000460683.jpg,6.6714,267.6962,8.8104,283.1801,-1,0.0, -> [person (Center): 80%]
000000462629.jpg,5.2127,258.1858,7.7419,271.1427,-1,0.0, -> [background only]
000000463527.jpg,6.6066,252.5285,9.4609,268.5984,-1,0.0, -> [diningtable (Bottom): 13%]
000000463618.jpg,5.5949,252.5253,9.3273,267.4495,-1,0.0," -> [person (Right): 48%, tvmonitor (Top-Left): 13%]"
000000463647.jpg,5.6164,255.6277,8.5728,269.8191,-1,0.0, -> [car (Top-Right): 9%]
000000463690.jpg,5.6604,258.5302,8.4838,272.6769,-1,0.0, -> [person (Center): 24%]
000000463842.jpg,5.2764,257.4283,8.1584,270.8654,-1,0.0, -> [bottle (Bottom): 13%]
000000464089.jpg,7.2134,267.1221,7.9129,282.2506,-1,0.0, -> [person (Center): 25%]
000000464144.jpg,5.0433,277.9997,8.7541,291.7997,-1,0.0, -> [person (Center): 27%]
000000464358.jpg,4.6689,259.1612,7.8643,271.6974,-1,0.0, -> [background only]
000000464476.jpg,3.6203,254.336,8.7278,266.6863,-1,0.0, -> [tvmonitor (Bottom-Right): 17%]
000000464522.jpg,5.8488,267.492,8.8846,282.2277,-1,0.0, -> [dog (Center): 42%]
000000464689.jpg,7.2187,247.7253,7.1369,262.0835,-1,0.0, -> [background only]
000000464786.jpg,4.8717,255.1733,8.4015,268.4488,-1,0.0, -> [diningtable (Bottom): 1%]
000000464824.jpg,6.9992,253.2558,8.9357,269.1934,-1,0.0, -> [person (Right): 37%]
000000465585.jpg,5.0271,252.76,8.52,266.3093,-1,0.0, -> [background only]
000000465836.jpg,4.5365,268.6785,8.4443,281.6613,-1,0.0, -> [person (Center): 18%]
000000466156.jpg,3.9969,257.8856,8.8142,270.699,-1,0.0," -> [car (Left): 5%, cat (Center): 5%, motorbike (Bottom): 32%]"
000000466416.jpg,5.3397,251.3532,8.3768,265.0719,-1,0.0, -> [background only]
000000466567.jpg,6.2844,265.6614,7.8114,279.7594,-1,0.0, -> [background only]
000000467776.jpg,6.6255,256.49,9.5738,272.6914,-1,0.0, -> [cow (Center): 30%]
000000468332.jpg,5.9208,263.8548,8.7145,278.4923,-1,0.0, -> [person (Center): 64%]
000000468505.jpg,5.6376,253.1549,10.0179,268.8126,-1,0.0," -> [chair (Right): 10%, diningtable (Center): 29%, person (Center): 11%]"
000000468965.jpg,5.6379,259.0461,8.6417,273.3279,-1,0.0, -> [person (Center): 35%]
000000469192.jpg,6.0007,258.3766,8.898,273.2776,-1,0.0, -> [background only]
000000469828.jpg,5.3879,259.1831,8.3504,272.9239,-1,0.0, -> [background only]
000000470952.jpg,5.7659,253.1956,9.4979,268.4617,-1,0.0, -> [person (Center): 54%]
000000471023.jpg,5.8803,252.8565,8.024,266.7629,-1,0.0, -> [person (Left): 1%]
000000471450.jpg,5.8993,274.5102,8.2317,288.6433,-1,0.0, -> [sheep (Center): 2%]
000000471567.jpg,4.9848,273.3432,7.1445,285.4747,-1,0.0, -> [background only]
000000471893.jpg,6.6661,248.755,8.6774,264.1007,-1,0.0," -> [chair (Center): 5%, diningtable (Bottom): 10%, person (Bottom-Right): 16%]"
000000472030.jpg,6.753,249.3354,7.9406,264.0312,-1,0.0, -> [background only]
000000472298.jpg,5.5734,291.5194,7.853,304.9479,-1,0.0," -> [boat (Center): 2%, person (Left): 3%]"
000000473015.jpg,6.3179,255.4298,7.5248,269.275,-1,0.0, -> [bird (Left): 1%]
000000473219.jpg,5.6334,258.988,8.5753,273.1992,-1,0.0, -> [person (Center): 60%]
000000474344.jpg,5.9053,252.5809,8.8848,267.3733,-1,0.0, -> [person (Left): 18%]
000000475191.jpg,7.1364,269.9705,11.0028,288.1123,-1,0.0, -> [person (Center): 13%]
000000475223.jpg,6.2222,253.3408,8.4713,268.0364,-1,0.0, -> [bird (Center): 5%]
000000475484.jpg,5.2211,251.6224,8.7087,265.5544,-1,0.0, -> [car (Center): 6%]
000000476119.jpg,7.1153,300.8263,7.7954,315.7393,-1,0.0," -> [car (Top): 10%, person (Left): 19%]"
000000476770.jpg,5.6367,252.9047,8.4802,267.0241,-1,0.0, -> [person (Center): 57%]
000000477441.jpg,6.3741,269.2187,8.6847,284.2802,-1,0.0, -> [aeroplane (Center): 7%]
000000477689.jpg,5.8181,277.7837,8.9163,292.5203,-1,0.0, -> [person (Center): 64%]
000000478136.jpg,6.0148,268.5627,8.3381,282.918,-1,0.0, -> [diningtable (Center): 69%]
000000478420.jpg,5.5048,254.1452,8.6703,268.3224,-1,0.0, -> [person (Center): 56%]
000000478721.jpg,6.6218,250.584,8.9561,266.164,-1,0.0," -> [car (Right): 1%, person (Center): 2%]"
000000479155.jpg,4.5433,268.7176,9.1714,282.4343,-1,0.0," -> [dog (Bottom-Left): 13%, person (Center): 44%]"
000000480842.jpg,6.3562,253.536,8.1258,268.0206,-1,0.0, -> [background only]
000000480944.jpg,8.1584,275.8368,8.3626,292.3602,-1,0.0, -> [car (Center): 4%]
000000481386.jpg,5.8989,249.8354,8.8892,264.6258,-1,0.0, -> [person (Center): 30%]
000000481390.jpg,6.8054,251.2216,8.5591,266.5883,-1,0.0, -> [person (Center): 36%]
000000481480.jpg,5.206,250.25,8.5069,263.9648,-1,0.0, -> [background only]
000000481573.jpg,6.773,250.5242,8.1373,265.4367,-1,0.0, -> [person (Right): 15%]
000000482100.jpg,4.9539,254.2358,8.8459,268.0377,-1,0.0, -> [background only]
000000482275.jpg,7.7242,254.9708,9.3264,272.0234,-1,0.0, -> [person (Center): 57%]
000000482585.jpg,5.2157,252.2135,9.1203,266.5519,-1,0.0, -> [train (Center): 48%]
000000482917.jpg,4.4992,258.8072,9.4137,272.7225,-1,0.0," -> [cat (Top): 3%, dog (Bottom-Left): 23%, person (Bottom): 17%, tvmonitor (Top-Right): 7%]"
000000482978.jpg,4.3527,250.1533,8.7167,263.2249,-1,0.0, -> [train (Center): 97%]
000000483531.jpg,7.755,252.7785,9.0114,269.5475,-1,0.0, -> [sofa (Bottom): 14%]
000000483667.jpg,4.3812,263.3928,8.8967,276.6739,-1,0.0, -> [person (Center): 79%]
000000484029.jpg,5.4309,261.5194,8.9191,275.8718,-1,0.0, -> [car (Bottom): 1%]
000000484893.jpg,5.913,255.1086,9.0258,270.0497,-1,0.0," -> [person (Bottom): 40%, sheep (Top): 17%]"
000000485237.jpg,4.3816,249.1577,8.4576,261.9991,-1,0.0, -> [aeroplane (Center): 16%]
000000485802.jpg,5.1387,253.3242,7.8713,266.3366,-1,0.0, -> [background only]
000000486573.jpg,5.6503,267.7652,8.7451,282.1627,-1,0.0, -> [pottedplant (Bottom): 6%]
000000488664.jpg,4.861,249.8099,8.2172,262.89,-1,0.0, -> [train (Bottom): 15%]
000000489764.jpg,5.4444,249.2045,9.0928,263.7438,-1,0.0, -> [person (Center): 60%]
000000490413.jpg,4.3099,252.2489,8.9963,265.5573,-1,0.0, -> [aeroplane (Bottom): 32%]
000000491216.jpg,5.0628,248.1262,8.194,261.3856,-1,0.0, -> [background only]
000000491464.jpg,6.0571,251.7685,8.9653,266.793,-1,0.0, -> [person (Bottom): 20%]
000000491497.jpg,4.1741,282.1569,8.4642,294.7974,-1,0.0, -> [tvmonitor (Left): 11%]
000000491867.jpg,6.1034,259.0588,9.0581,274.2225,-1,0.0, -> [person (Center): 61%]
000000492077.jpg,7.9611,264.2816,8.9728,281.2177,-1,0.0," -> [bicycle (Bottom-Left): 2%, person (Left): 16%]"
000000492110.jpg,5.1114,249.14,9.3329,263.5865,-1,0.0," -> [chair (Center): 1%, diningtable (Left): 1%, person (Right): 42%]"
000000492362.jpg,6.5395,265.737,9.2289,281.5081,-1,0.0," -> [car (Top-Right): 2%, person (Center): 34%]"
000000492992.jpg,5.0683,256.0082,9.1453,270.2241,-1,0.0, -> [cow (Bottom): 48%]
000000493772.jpg,8.0713,252.3765,8.6777,269.1286,-1,0.0, -> [person (Center): 1%]
000000493864.jpg,7.7346,258.0485,8.365,274.1503,-1,0.0, -> [person (Center): 20%]
000000494188.jpg,5.8756,264.7553,8.8346,279.4677,-1,0.0," -> [bird (Bottom): 9%, chair (Left): 13%, person (Top): 22%]"
000000494427.jpg,5.5437,267.6688,7.5095,280.7239,-1,0.0, -> [background only]
000000494863.jpg,5.6085,261.6089,7.688,274.9076,-1,0.0, -> [train (Center): 41%]
000000496571.jpg,7.4071,253.282,8.6569,269.3481,-1,0.0, -> [diningtable (Center): 97%]
000000497599.jpg,5.4074,250.6492,9.26,265.3187,-1,0.0," -> [chair (Bottom-Right): 3%, person (Center): 79%]"
000000498286.jpg,6.3116,263.6398,9.4017,279.3551,-1,0.0," -> [car (Bottom-Right): 5%, dog (Center): 72%]"
000000499031.jpg,6.234,253.477,9.3155,269.0287,-1,0.0, -> [person (Center): 51%]
000000499109.jpg,6.469,259.757,8.4964,274.7244,-1,0.0, -> [diningtable (Center): 17%]
000000500049.jpg,5.6035,264.5594,7.994,278.1589,-1,0.0, -> [aeroplane (Center): 33%]
000000500477.jpg,6.2238,252.6445,7.9253,266.7958,-1,0.0," -> [person (Top-Left): 21%, sheep (Center): 49%]"
000000500565.jpg,5.4604,270.9567,9.194,285.614,-1,0.0, -> [person (Center): 78%]
000000502732.jpg,4.9678,254.8087,7.5482,267.3268,-1,0.0, -> [background only]
000000502910.jpg,5.078,259.3593,9.5434,273.9834,-1,0.0, -> [background only]
000000504074.jpg,5.0784,275.0848,8.5931,288.7585,-1,0.0, -> [person (Center): 36%]
000000504389.jpg,3.4737,253.9641,8.1053,265.5459,-1,0.0, -> [background only]
000000504415.jpg,5.0707,254.9229,8.5347,268.5307,-1,0.0," -> [car (Left): 6%, person (Center): 3%]"
000000504711.jpg,6.0025,268.0505,8.663,282.7185,-1,0.0, -> [diningtable (Center): 65%]
000000505638.jpg,5.7489,276.0747,8.5672,290.3934,-1,0.0, -> [train (Center): 63%]
000000506656.jpg,6.0356,256.5208,8.8999,271.4584,-1,0.0," -> [horse (Center): 36%, person (Left): 5%]"
000000507081.jpg,6.5698,269.1509,7.9319,283.6548,-1,0.0, -> [chair (Left): 1%]
000000507223.jpg,6.0046,256.0967,9.193,271.2968,-1,0.0, -> [person (Center): 65%]
000000507235.jpg,6.3244,255.8533,9.0347,271.2152,-1,0.0, -> [diningtable (Center): 98%]
000000507473.jpg,5.7582,257.9536,8.4016,272.1164,-1,0.0, -> [person (Center): 59%]
000000507667.jpg,4.3889,264.7711,8.8713,278.0334,-1,0.0," -> [aeroplane (Top): 3%, cow (Center): 32%, horse (Right): 4%, person (Top-Right): 1%]"
000000507797.jpg,4.9367,253.7137,9.004,267.6565,-1,0.0," -> [bus (Center): 30%, person (Left): 7%]"
000000508917.jpg,5.0226,252.9609,8.7017,266.6874,-1,0.0, -> [train (Center): 22%]
000000509008.jpg,5.6458,255.7511,9.2188,270.618,-1,0.0, -> [bus (Center): 59%]
000000509258.jpg,5.3858,257.495,8.5417,271.4248,-1,0.0, -> [chair (Center): 2%]
000000509260.jpg,3.4688,265.3061,8.1482,276.9249,-1,0.0, -> [tvmonitor (Bottom-Left): 20%]
000000511321.jpg,5.6899,271.5694,7.6781,284.9397,-1,0.0, -> [boat (Bottom): 15%]
000000511999.jpg,5.8717,255.1577,9.1188,270.1505,-1,0.0," -> [person (Left): 5%, train (Right): 41%]"
000000512194.jpg,5.6279,252.9269,8.8585,267.4154,-1,0.0, -> [pottedplant (Center): 61%]
000000512985.jpg,5.6768,252.5328,7.9631,266.1752,-1,0.0, -> [person (Right): 4%]
000000513580.jpg,4.8723,254.406,7.7302,267.0104,-1,0.0," -> [aeroplane (Center): 21%, motorbike (Bottom-Left): 4%]"
000000514586.jpg,4.6635,266.1344,7.8563,278.6564,-1,0.0, -> [person (Center): 38%]
000000514914.jpg,4.7287,267.3414,8.5282,280.6005,-1,0.0, -> [background only]
000000515077.jpg,5.4862,261.8242,8.2294,275.5421,-1,0.0, -> [tvmonitor (Top-Right): 8%]
000000516677.jpg,5.8625,260.075,8.719,274.6583,-1,0.0, -> [person (Center): 14%]
000000519039.jpg,4.2874,255.2842,8.023,267.5969,-1,0.0, -> [background only]
000000519208.jpg,5.1529,249.9249,8.3419,263.4221,-1,0.0, -> [person (Right): 36%]
000000520009.jpg,4.2995,265.2497,8.5051,278.0561,-1,0.0," -> [bus (Bottom): 10%, car (Bottom-Left): 3%]"
000000520871.jpg,4.5939,251.15,8.1447,263.8905,-1,0.0, -> [bottle (Top-Right): 3%]
000000521259.jpg,6.1405,255.4421,8.7443,270.3289,-1,0.0, -> [person (Center): 46%]
000000521282.jpg,5.5529,285.4068,7.9403,298.9022,-1,0.0, -> [background only]
000000521405.jpg,5.0591,249.1269,8.9631,263.1511,-1,0.0," -> [chair (Left): 16%, sofa (Center): 24%]"
000000522638.jpg,4.3748,256.9368,7.7936,269.1072,-1,0.0, -> [background only]
000000524742.jpg,6.2252,279.4801,8.6178,294.3254,-1,0.0," -> [bus (Center): 25%, train (Left): 13%]"
000000525286.jpg,9.6277,265.9599,8.1793,283.7693,-1,0.0, -> [background only]
000000526103.jpg,6.2505,270.3668,8.3244,284.9439,-1,0.0, -> [background only]
000000526197.jpg,5.8846,267.2078,8.6344,281.7293,-1,0.0, -> [diningtable (Bottom): 28%]
000000526706.jpg,5.6072,261.0687,7.7693,274.4473,-1,0.0, -> [cow (Center): 25%]
000000526751.jpg,5.9478,253.1621,8.7982,267.9103,-1,0.0, -> [boat (Bottom-Right): 23%]
000000527029.jpg,6.962,267.5634,8.6203,283.1479,-1,0.0, -> [person (Left): 21%]
000000527750.jpg,5.8377,255.7425,7.6135,269.1957,-1,0.0, -> [person (Center): 13%]
000000528399.jpg,4.5917,253.0673,9.412,267.0731,-1,0.0, -> [diningtable (Center): 93%]
000000529528.jpg,3.6418,250.8146,8.3493,262.8077,-1,0.0, -> [background only]
000000529939.jpg,6.2648,249.4373,7.444,263.1481,-1,0.0, -> [person (Right): 8%]
000000531135.jpg,4.798,255.6399,9.16,269.6001,-1,0.0, -> [person (Right): 3%]
000000532071.jpg,5.9212,252.3325,8.2824,266.5381,-1,0.0," -> [cow (Left): 2%, sheep (Center): 3%]"
000000532690.jpg,5.7818,250.2434,9.1191,265.1465,-1,0.0, -> [person (Center): 79%]
000000533145.jpg,4.0884,258.9559,8.5368,271.583,-1,0.0, -> [person (Left): 7%]
000000534041.jpg,4.2304,253.0652,8.1364,265.4339,-1,0.0, -> [person (Center): 60%]
000000534639.jpg,6.1127,251.4386,9.0372,266.5906,-1,0.0, -> [train (Center): 76%]
000000534664.jpg,5.705,273.8233,8.4612,287.992,-1,0.0, -> [background only]
000000535306.jpg,4.3941,255.8719,7.9455,268.2135,-1,0.0, -> [person (Top): 17%]
000000535523.jpg,5.761,249.9926,7.7187,263.4745,-1,0.0, -> [person (Top-Left): 4%]
000000535858.jpg,5.8537,309.4868,8.4451,323.7879,-1,0.0, -> [person (Right): 2%]
000000536343.jpg,1.7033,250.9821,8.1135,260.8009,-1,0.0, -> [background only]
000000536947.jpg,5.569,266.403,8.1879,280.162,-1,0.0, -> [background only]
000000537053.jpg,7.2132,252.9272,8.8367,268.9795,-1,0.0, -> [background only]
000000537153.jpg,4.7174,250.2937,7.0546,262.0677,-1,0.0, -> [background only]
000000537241.jpg,4.9958,268.6092,8.7167,282.3236,-1,0.0, -> [diningtable (Center): 33%]
000000537827.jpg,5.4333,255.1779,8.9363,269.5497,-1,0.0, -> [person (Center): 15%]
000000537964.jpg,7.0593,268.7216,8.0179,283.801,-1,0.0, -> [background only]
000000538236.jpg,5.9594,251.1124,8.421,265.495,-1,0.0, -> [background only]
000000539883.jpg,5.581,250.6152,9.1872,265.3854,-1,0.0, -> [tvmonitor (Center): 30%]
000000540466.jpg,5.8107,249.494,8.5485,263.8553,-1,0.0, -> [person (Right): 1%]
000000541291.jpg,4.4425,258.2073,6.8078,269.4605,-1,0.0, -> [background only]
000000542127.jpg,6.6155,249.6284,8.5688,264.8154,-1,0.0, -> [background only]
000000543581.jpg,5.1254,258.97,8.3171,272.4148,-1,0.0, -> [sofa (Right): 28%]
000000544052.jpg,6.5296,252.3585,7.79,266.6802,-1,0.0, -> [person (Center): 17%]
000000544565.jpg,6.4386,251.0304,8.6715,266.1425,-1,0.0, -> [diningtable (Center): 85%]
000000546325.jpg,6.9251,253.5694,8.8746,269.3716,-1,0.0, -> [sofa (Bottom): 55%]
000000547144.jpg,5.5124,250.6489,7.8272,263.9906,-1,0.0, -> [background only]
000000547336.jpg,6.5281,250.3939,8.5598,265.4839,-1,0.0, -> [person (Center): 42%]
000000547816.jpg,5.6282,254.2193,8.7321,268.582,-1,0.0, -> [background only]
000000547886.jpg,5.3321,262.2082,8.2163,275.7587,-1,0.0," -> [horse (Left): 9%, person (Left): 2%]"
000000548246.jpg,5.0817,264.8484,9.0474,278.9798,-1,0.0, -> [person (Center): 44%]
000000548267.jpg,5.4386,263.971,7.5569,276.9685,-1,0.0, -> [background only]
000000548339.jpg,7.5063,257.3905,8.7437,273.6428,-1,0.0, -> [person (Center): 37%]
000000548555.jpg,5.878,258.385,8.1387,272.4042,-1,0.0, -> [person (Top-Left): 10%]
000000548780.jpg,6.0085,255.639,8.5566,270.2064,-1,0.0, -> [person (Center): 54%]
000000549220.jpg,5.5689,257.358,9.9223,272.8514,-1,0.0," -> [dog (Center): 53%, person (Top-Right): 6%]"
000000549738.jpg,4.3785,269.0562,8.6335,282.0711,-1,0.0, -> [background only]
000000550349.jpg,6.143,253.4067,8.5115,268.063,-1,0.0," -> [bus (Center): 68%, person (Bottom-Left): 6%]"
000000551215.jpg,6.901,262.1107,8.9659,277.9796,-1,0.0, -> [person (Center): 22%]
000000551350.jpg,6.3884,252.1913,8.9209,267.5031,-1,0.0," -> [chair (Right): 1%, diningtable (Center): 5%]"
000000551780.jpg,5.4024,252.0021,7.879,265.2856,-1,0.0, -> [background only]
000000551804.jpg,6.1266,254.5406,8.038,268.7075,-1,0.0, -> [person (Center): 14%]
000000551822.jpg,5.9416,251.5085,9.715,267.1673,-1,0.0, -> [diningtable (Center): 66%]
000000552612.jpg,7.03,251.9735,8.1338,267.1404,-1,0.0, -> [sheep (Center): 6%]
000000552775.jpg,4.4485,253.3441,8.2798,266.0744,-1,0.0, -> [person (Left): 9%]
000000553221.jpg,4.7692,256.2858,8.3917,269.4487,-1,0.0, -> [person (Center): 2%]
000000553511.jpg,4.2708,268.6253,7.3904,280.2886,-1,0.0, -> [car (Bottom-Left): 6%]
000000553731.jpg,5.1188,324.4537,8.6298,338.2043,-1,0.0, -> [person (Center): 49%]
000000554266.jpg,3.4363,280.8052,7.881,292.1248,-1,0.0, -> [person (Bottom): 10%]
000000554328.jpg,5.7334,255.751,8.8582,270.345,-1,0.0, -> [person (Center): 58%]
000000554579.jpg,6.5671,252.5153,8.8565,267.9413,-1,0.0," -> [dog (Bottom-Right): 15%, person (Center): 64%]"
000000555009.jpg,3.3493,260.4165,8.6661,272.4341,-1,0.0, -> [tvmonitor (Top): 41%]
000000556193.jpg,3.7626,263.0343,8.8433,275.6426,-1,0.0, -> [person (Center): 50%]
000000556765.jpg,5.7277,264.7409,7.9765,278.4477,-1,0.0, -> [background only]
000000558114.jpg,6.3143,252.4714,8.388,267.1757,-1,0.0, -> [person (Center): 64%]
000000558421.jpg,5.2992,253.974,8.0778,267.3533,-1,0.0, -> [train (Bottom-Right): 10%]
000000559547.jpg,5.8367,255.4565,8.5972,269.8928,-1,0.0," -> [aeroplane (Top-Right): 1%, person (Center): 50%]"
000000559707.jpg,6.1848,252.8933,9.5632,268.6434,-1,0.0, -> [diningtable (Center): 99%]
000000560279.jpg,5.3007,296.1753,8.2186,309.6968,-1,0.0, -> [background only]
000000560371.jpg,5.951,273.556,8.0639,287.5729,-1,0.0, -> [background only]
000000561223.jpg,6.518,284.3487,8.8319,299.7007,-1,0.0, -> [person (Center): 7%]
000000561256.jpg,6.4338,263.6106,7.9012,277.9475,-1,0.0, -> [person (Right): 26%]
000000561465.jpg,6.2508,278.2271,9.2918,293.7718,-1,0.0, -> [diningtable (Center): 99%]
000000562561.jpg,5.4134,260.7288,9.0094,275.1532,-1,0.0, -> [dog (Bottom): 45%]
000000562581.jpg,4.8552,284.6776,8.4921,298.0268,-1,0.0, -> [background only]
000000563470.jpg,5.7381,254.3719,8.1976,268.3097,-1,0.0, -> [person (Left): 8%]
000000563603.jpg,6.6072,271.2773,8.7019,286.5883,-1,0.0, -> [background only]
000000563702.jpg,6.8908,253.1067,8.3053,268.3046,-1,0.0, -> [person (Left): 1%]
000000563758.jpg,5.4895,265.6003,8.0378,279.1295,-1,0.0, -> [background only]
000000563882.jpg,4.9433,252.1164,7.9271,264.9887,-1,0.0, -> [person (Center): 74%]
000000564023.jpg,4.1662,252.3962,7.5904,264.1548,-1,0.0, -> [background only]
000000564280.jpg,5.3863,253.2268,9.1508,267.7661,-1,0.0, -> [dog (Center): 51%]
000000565012.jpg,6.1753,254.6861,8.4124,269.2759,-1,0.0, -> [background only]
000000565045.jpg,3.6268,254.399,8.5934,266.6213,-1,0.0, -> [background only]
000000565624.jpg,5.7405,272.9859,8.3522,287.0811,-1,0.0, -> [background only]
000000567432.jpg,5.2703,279.7167,7.7579,292.7474,-1,0.0, -> [aeroplane (Bottom): 5%]
000000567898.jpg,5.7377,251.7245,8.4943,265.9587,-1,0.0, -> [diningtable (Center): 98%]
000000568195.jpg,5.5304,260.7365,9.062,275.331,-1,0.0," -> [diningtable (Bottom): 8%, person (Center): 51%]"
000000568690.jpg,7.4996,260.9299,8.3617,276.7936,-1,0.0, -> [cat (Center): 9%]
000000568710.jpg,4.8695,251.8897,7.4568,264.2181,-1,0.0, -> [sofa (Right): 5%]
000000569972.jpg,8.1008,265.4825,9.2365,282.8226,-1,0.0, -> [person (Left): 2%]
000000570782.jpg,5.398,260.143,8.1574,273.7007,-1,0.0, -> [background only]
000000572303.jpg,5.9697,260.6513,8.9975,275.6203,-1,0.0, -> [train (Center): 44%]
000000573094.jpg,4.24,257.6175,8.7442,270.6037,-1,0.0," -> [bicycle (Bottom-Right): 3%, chair (Bottom-Left): 11%, tvmonitor (Left): 3%]"
000000573258.jpg,5.5879,281.1103,8.866,295.567,-1,0.0, -> [person (Left): 17%]
000000574315.jpg,6.154,274.5127,9.8147,290.4836,-1,0.0," -> [cat (Center): 22%, person (Top-Right): 18%, sofa (Top-Left): 22%]"
000000574810.jpg,4.9139,256.9806,9.292,271.1887,-1,0.0, -> [cat (Center): 51%]
000000575081.jpg,4.8643,269.0606,8.757,282.6839,-1,0.0, -> [person (Center): 13%]
000000577182.jpg,6.7552,244.249,7.6412,258.6477,-1,0.0, -> [background only]
000000577735.jpg,7.3481,261.3637,8.7409,277.4549,-1,0.0, -> [pottedplant (Center): 52%]
000000577864.jpg,5.2976,256.3218,8.8653,270.4867,-1,0.0, -> [person (Center): 35%]
000000577932.jpg,7.5476,251.451,8.7704,267.7711,-1,0.0," -> [bicycle (Bottom): 1%, car (Bottom-Right): 5%, person (Center): 12%]"
000000577976.jpg,5.3912,251.6284,8.7191,265.7406,-1,0.0, -> [car (Bottom-Right): 1%]
000000578792.jpg,4.9737,256.9469,9.1514,271.0742,-1,0.0," -> [motorbike (Center): 39%, person (Top-Left): 3%]"
000000579970.jpg,3.6116,263.1556,9.5717,276.3407,-1,0.0, -> [chair (Left): 1%]
000000580294.jpg,5.0454,279.2,8.828,293.0755,-1,0.0, -> [person (Right): 4%]
000000580410.jpg,4.4048,260.048,8.0514,272.5069,-1,0.0," -> [chair (Center): 7%, sofa (Left): 1%]"
000000580418.jpg,5.9381,291.9594,8.8015,306.7009,-1,0.0," -> [cow (Bottom-Left): 24%, horse (Bottom-Right): 3%]"
000000581357.jpg,6.1305,257.8819,8.8627,272.8773,-1,0.0, -> [person (Center): 6%]
