filename,ros_data_age_ms,preprocessing_ms,inference_ms,postprocessing_ms,e2e_ms,class_id,confidence,info
frame_000000,-1.0,2.1582,14.3334,5.2153,21.7076,-1,0.0," -> [chair (Left): 15%, tvmonitor (Top): 2%]"
frame_000001,-1.0,2.4837,14.3994,4.9836,21.8676,-1,0.0, -> [chair (Left): 15%]
frame_000002,-1.0,2.1273,14.2279,5.0064,21.3624,-1,0.0," -> [chair (Left): 13%, tvmonitor (Top): 1%]"
frame_000003,-1.0,1.71,14.3205,5.094,21.1254,-1,0.0," -> [chair (Left): 11%, tvmonitor (Center): 27%]"
frame_000004,-1.0,1.6602,14.3273,4.7674,20.7557,-1,0.0," -> [chair (Left): 8%, tvmonitor (Center): 12%]"
frame_000005,-1.0,1.9154,14.4499,5.029,21.3957,-1,0.0," -> [chair (Left): 7%, tvmonitor (Center): 17%]"
frame_000006,-1.0,1.7636,14.2904,5.1427,21.1982,-1,0.0," -> [chair (Left): 7%, tvmonitor (Center): 24%]"
frame_000007,-1.0,1.7827,14.3703,4.9727,21.1269,-1,0.0," -> [chair (Left): 5%, tvmonitor (Center): 18%]"
frame_000008,-1.0,1.6812,14.5762,4.8491,21.1073,-1,0.0," -> [chair (Left): 5%, tvmonitor (Center): 21%]"
frame_000009,-1.0,1.7088,14.2738,4.9448,20.9283,-1,0.0," -> [chair (Left): 5%, tvmonitor (Center): 26%]"
frame_000010,-1.0,1.7236,14.3849,4.9057,21.0152,-1,0.0," -> [chair (Left): 5%, tvmonitor (Center): 27%]"
frame_000011,-1.0,1.6366,14.4414,5.9984,22.0777,-1,0.0," -> [chair (Left): 4%, tvmonitor (Center): 27%]"
frame_000012,-1.0,2.3139,14.2572,4.9062,21.4781,-1,0.0," -> [chair (Left): 4%, tvmonitor (Center): 27%]"
frame_000013,-1.0,3.3158,15.856,4.8616,24.0343,-1,0.0," -> [chair (Left): 5%, tvmonitor (Center): 27%]"
frame_000014,-1.0,2.3875,14.826,4.9033,22.1177,-1,0.0," -> [chair (Left): 4%, tvmonitor (Center): 18%]"
frame_000015,-1.0,2.3329,14.2553,4.9726,21.5618,-1,0.0," -> [chair (Left): 4%, tvmonitor (Center): 26%]"
frame_000016,-1.0,1.7912,18.191,4.9098,24.8928,-1,0.0," -> [chair (Left): 3%, tvmonitor (Center): 27%]"
frame_000017,-1.0,1.8,14.3687,5.1115,21.2811,-1,0.0," -> [chair (Left): 3%, tvmonitor (Center): 26%]"
frame_000018,-1.0,2.3582,14.624,4.7733,21.7567,-1,0.0," -> [chair (Left): 3%, tvmonitor (Center): 25%]"
frame_000019,-1.0,1.7688,14.3016,5.0519,21.1234,-1,0.0," -> [chair (Left): 3%, tvmonitor (Center): 25%]"
frame_000020,-1.0,2.7317,14.3206,4.8822,21.9356,-1,0.0," -> [chair (Left): 3%, tvmonitor (Center): 25%]"
frame_000021,-1.0,3.3571,14.315,5.0748,22.748,-1,0.0," -> [chair (Left): 3%, tvmonitor (Center): 27%]"
frame_000022,-1.0,2.7641,14.2751,5.6932,22.7335,-1,0.0," -> [chair (Left): 3%, tvmonitor (Center): 27%]"
frame_000023,-1.0,3.9596,14.4069,5.0674,23.4348,-1,0.0," -> [chair (Left): 3%, tvmonitor (Center): 27%]"
frame_000024,-1.0,3.3183,18.9283,4.7564,27.0039,-1,0.0," -> [chair (Left): 3%, tvmonitor (Center): 27%]"
frame_000025,-1.0,3.569,14.6133,5.2102,23.3937,-1,0.0," -> [chair (Left): 3%, tvmonitor (Center): 27%]"
frame_000026,-1.0,4.2852,14.4181,4.797,23.5015,-1,0.0," -> [chair (Left): 3%, tvmonitor (Center): 26%]"
frame_000027,-1.0,2.8356,14.3445,4.9728,22.1542,-1,0.0," -> [chair (Left): 2%, tvmonitor (Center): 26%]"
frame_000028,-1.0,1.7166,14.5969,4.7865,21.1014,-1,0.0," -> [chair (Left): 3%, tvmonitor (Center): 26%]"
frame_000029,-1.0,2.314,14.3779,4.8194,21.5126,-1,0.0," -> [chair (Left): 3%, tvmonitor (Center): 26%]"
frame_000030,-1.0,2.1524,14.3045,4.7835,21.2414,-1,0.0," -> [chair (Left): 2%, tvmonitor (Center): 26%]"
frame_000031,-1.0,1.8764,14.4768,4.9426,21.2968,-1,0.0," -> [chair (Left): 2%, tvmonitor (Center): 26%]"
frame_000032,-1.0,2.1353,17.4715,4.7488,24.3566,-1,0.0," -> [chair (Left): 2%, tvmonitor (Center): 27%]"
frame_000033,-1.0,1.848,14.3842,4.9262,21.1594,-1,0.0," -> [chair (Left): 2%, tvmonitor (Center): 27%]"
frame_000034,-1.0,2.6628,14.4369,4.781,21.8816,-1,0.0," -> [chair (Left): 2%, tvmonitor (Center): 27%]"
frame_000035,-1.0,2.3602,14.3387,4.8841,21.5839,-1,0.0," -> [chair (Left): 3%, tvmonitor (Center): 27%]"
frame_000036,-1.0,2.3571,14.368,4.7699,21.4963,-1,0.0," -> [chair (Left): 3%, tvmonitor (Center): 27%]"
frame_000037,-1.0,1.8445,14.3076,4.93,21.0831,-1,0.0," -> [chair (Left): 3%, tvmonitor (Center): 27%]"
frame_000038,-1.0,1.7948,18.0637,4.836,24.6957,-1,0.0," -> [chair (Left): 3%, tvmonitor (Center): 27%]"
frame_000039,-1.0,1.9995,14.4215,5.5709,21.9932,-1,0.0," -> [chair (Left): 3%, tvmonitor (Center): 27%]"
frame_000040,-1.0,2.9522,14.3959,4.8372,22.1868,-1,0.0," -> [chair (Left): 3%, tvmonitor (Center): 27%]"
frame_000041,-1.0,3.0715,15.0147,5.1421,23.2292,-1,0.0," -> [chair (Left): 3%, tvmonitor (Center): 27%]"
frame_000042,-1.0,2.3716,14.4749,4.8998,21.7473,-1,0.0," -> [chair (Left): 3%, tvmonitor (Center): 27%]"
frame_000043,-1.0,2.2032,16.1767,4.7931,23.1739,-1,0.0," -> [chair (Left): 3%, tvmonitor (Center): 27%]"
frame_000044,-1.0,1.8342,14.3552,4.9057,21.0964,-1,0.0," -> [chair (Left): 3%, tvmonitor (Center): 27%]"
frame_000045,-1.0,2.2779,14.4243,4.8657,21.569,-1,0.0," -> [chair (Left): 3%, tvmonitor (Center): 27%]"
frame_000046,-1.0,1.7965,14.4249,4.865,21.0874,-1,0.0," -> [chair (Left): 3%, tvmonitor (Center): 27%]"
frame_000047,-1.0,1.7179,14.3352,5.0249,21.0791,-1,0.0," -> [chair (Left): 3%, tvmonitor (Center): 27%]"
frame_000048,-1.0,1.7261,14.3794,4.7988,20.9054,-1,0.0," -> [chair (Left): 3%, tvmonitor (Center): 27%]"
frame_000049,-1.0,1.7659,14.4135,5.0247,21.2052,-1,0.0," -> [chair (Left): 3%, tvmonitor (Center): 27%]"
frame_000050,-1.0,1.753,14.3764,4.7711,20.9015,-1,0.0," -> [chair (Left): 3%, tvmonitor (Center): 27%]"
frame_000051,-1.0,1.8167,14.4648,4.9516,21.2342,-1,0.0," -> [chair (Left): 3%, tvmonitor (Center): 27%]"
frame_000052,-1.0,1.7393,14.3538,4.8211,20.9151,-1,0.0," -> [chair (Left): 3%, tvmonitor (Center): 27%]"
frame_000053,-1.0,1.5073,14.4333,5.028,20.9697,-1,0.0," -> [chair (Left): 3%, tvmonitor (Center): 27%]"
frame_000054,-1.0,3.7096,14.5161,5.0305,23.2575,-1,0.0," -> [chair (Left): 3%, tvmonitor (Center): 27%]"
frame_000055,-1.0,1.8283,14.4122,5.0755,21.317,-1,0.0," -> [chair (Left): 3%, tvmonitor (Center): 27%]"
frame_000056,-1.0,1.7071,14.4754,4.949,21.1326,-1,0.0," -> [chair (Left): 3%, tvmonitor (Center): 27%]"
frame_000057,-1.0,2.2549,14.3754,5.1034,21.7345,-1,0.0," -> [chair (Left): 2%, tvmonitor (Center): 27%]"
frame_000058,-1.0,1.7527,14.4299,5.1386,21.3221,-1,0.0," -> [chair (Left): 2%, tvmonitor (Center): 27%]"
frame_000059,-1.0,1.7336,14.3269,5.06,21.1215,-1,0.0," -> [chair (Top-Left): 1%, tvmonitor (Center): 29%]"
frame_000060,-1.0,1.7402,14.3746,4.9142,21.03,-1,0.0," -> [chair (Left): 2%, tvmonitor (Center): 28%]"
frame_000061,-1.0,1.5526,14.359,5.082,20.9947,-1,0.0," -> [chair (Top-Left): 2%, tvmonitor (Center): 26%]"
frame_000062,-1.0,1.7452,14.3687,5.1104,21.2254,-1,0.0," -> [chair (Top-Left): 2%, tvmonitor (Center): 25%]"
frame_000063,-1.0,1.7095,14.3626,5.0345,21.1077,-1,0.0," -> [chair (Top-Left): 2%, tvmonitor (Center): 26%]"
frame_000064,-1.0,2.3048,14.4093,5.0962,21.8113,-1,0.0," -> [chair (Top-Left): 2%, tvmonitor (Center): 26%]"
frame_000065,-1.0,1.8589,14.4011,5.0345,21.2955,-1,0.0," -> [chair (Top-Left): 2%, tvmonitor (Center): 25%]"
frame_000066,-1.0,1.7238,14.3531,4.8908,20.9686,-1,0.0," -> [chair (Top-Left): 2%, tvmonitor (Center): 25%]"
frame_000067,-1.0,2.0324,14.3595,5.0728,21.4657,-1,0.0," -> [chair (Top-Left): 2%, tvmonitor (Center): 25%]"
frame_000068,-1.0,1.8697,15.9073,5.2852,23.0637,-1,0.0," -> [chair (Top-Left): 2%, tvmonitor (Center): 25%]"
frame_000069,-1.0,2.7537,16.8313,5.0534,24.6401,-1,0.0," -> [chair (Top-Left): 2%, tvmonitor (Center): 28%]"
frame_000070,-1.0,2.2471,16.0462,5.0806,23.3756,-1,0.0," -> [chair (Top-Left): 1%, tvmonitor (Center): 29%]"
frame_000071,-1.0,2.1995,16.8113,5.0023,24.015,-1,0.0," -> [chair (Top-Left): 2%, tvmonitor (Center): 27%]"
frame_000072,-1.0,2.0086,16.116,5.6835,23.8097,-1,0.0," -> [chair (Top-Left): 3%, tvmonitor (Top): 27%]"
frame_000073,-1.0,2.7111,16.4203,5.0336,24.1668,-1,0.0," -> [chair (Top-Left): 3%, tvmonitor (Top): 22%]"
frame_000074,-1.0,2.9168,16.6404,4.8948,24.4537,-1,0.0," -> [chair (Top-Left): 3%, tvmonitor (Top): 24%]"
frame_000075,-1.0,2.0447,15.9747,5.011,23.032,-1,0.0," -> [chair (Top-Left): 3%, tvmonitor (Top): 25%]"
frame_000076,-1.0,1.4391,15.5605,5.0481,22.0488,-1,0.0," -> [chair (Top-Left): 3%, tvmonitor (Top): 26%]"
frame_000077,-1.0,2.4662,16.4396,5.0441,23.9515,-1,0.0," -> [chair (Top-Left): 3%, tvmonitor (Top): 25%]"
frame_000078,-1.0,2.9494,16.7994,5.1535,24.9046,-1,0.0," -> [chair (Top-Left): 3%, dog (Bottom): 6%, tvmonitor (Top): 28%]"
frame_000079,-1.0,1.6005,16.5282,5.1478,23.2778,-1,0.0," -> [chair (Top-Left): 2%, dog (Bottom): 13%, tvmonitor (Top): 27%]"
frame_000080,-1.0,2.4522,16.5685,5.1547,24.1772,-1,0.0," -> [chair (Top-Left): 3%, dog (Bottom): 12%, tvmonitor (Top): 26%]"
frame_000081,-1.0,2.8543,16.5356,7.8953,27.2894,-1,0.0," -> [chair (Top-Left): 2%, dog (Bottom): 11%, tvmonitor (Top): 25%]"
frame_000082,-1.0,3.7119,16.5882,5.8999,26.202,-1,0.0," -> [chair (Top-Left): 1%, tvmonitor (Top): 20%]"
frame_000083,-1.0,2.9959,16.4658,5.0013,24.4647,-1,0.0," -> [chair (Top-Left): 1%, tvmonitor (Top): 13%]"
frame_000084,-1.0,2.5039,16.3777,4.7974,23.6802,-1,0.0," -> [chair (Top-Left): 2%, tvmonitor (Top): 15%]"
frame_000085,-1.0,2.6768,16.7753,6.9149,26.3686,-1,0.0," -> [chair (Top-Left): 2%, tvmonitor (Top): 17%]"
frame_000086,-1.0,2.9746,16.6063,4.7167,24.2991,-1,0.0," -> [chair (Top-Left): 2%, tvmonitor (Top): 11%]"
frame_000087,-1.0,2.6521,16.3949,4.8802,23.9286,-1,0.0," -> [chair (Top-Left): 2%, tvmonitor (Top): 15%]"
frame_000088,-1.0,2.3288,16.3205,4.5929,23.2437,-1,0.0," -> [chair (Top-Left): 2%, tvmonitor (Top): 6%]"
frame_000089,-1.0,2.4709,16.5164,4.8684,23.8576,-1,0.0," -> [chair (Top-Left): 1%, tvmonitor (Top): 15%]"
frame_000090,-1.0,2.1339,16.9309,4.5863,23.6528,-1,0.0," -> [chair (Top-Left): 1%, tvmonitor (Top): 18%]"
frame_000091,-1.0,2.5318,16.3973,4.8956,23.8265,-1,0.0," -> [chair (Top-Left): 1%, tvmonitor (Top): 17%]"
frame_000092,-1.0,2.1652,16.5717,4.8174,23.5562,-1,0.0," -> [chair (Top-Left): 2%, tvmonitor (Top): 15%]"
frame_000093,-1.0,2.4265,16.7987,4.8745,24.1017,-1,0.0," -> [chair (Top-Left): 2%, tvmonitor (Top): 15%]"
frame_000094,-1.0,2.237,16.7289,4.8252,23.7932,-1,0.0," -> [chair (Top-Left): 2%, tvmonitor (Top): 13%]"
frame_000095,-1.0,2.6265,16.7752,4.8808,24.2841,-1,0.0," -> [chair (Top-Left): 2%, tvmonitor (Top): 15%]"
frame_000096,-1.0,1.9476,16.2234,7.0137,25.1864,-1,0.0," -> [chair (Top-Left): 2%, tvmonitor (Top): 13%]"
frame_000097,-1.0,1.7096,19.6843,4.925,26.3203,-1,0.0," -> [chair (Top-Left): 2%, tvmonitor (Top): 13%]"
frame_000098,-1.0,2.5763,19.954,4.677,27.209,-1,0.0," -> [chair (Top-Left): 2%, tvmonitor (Top): 13%]"
frame_000099,-1.0,2.5408,16.6254,4.9061,24.0739,-1,0.0," -> [chair (Top-Left): 2%, tvmonitor (Top): 11%]"
frame_000100,-1.0,2.305,17.6381,4.6473,24.5922,-1,0.0," -> [chair (Top-Left): 2%, tvmonitor (Top): 9%]"
frame_000101,-1.0,1.8622,17.336,5.0248,24.2245,-1,0.0," -> [chair (Top-Left): 2%, tvmonitor (Top): 12%]"
frame_000102,-1.0,2.1123,16.475,4.7762,23.3651,-1,0.0," -> [chair (Top-Left): 2%, tvmonitor (Top): 13%]"
frame_000103,-1.0,3.1245,16.5317,4.9411,24.5996,-1,0.0," -> [chair (Top-Left): 2%, tvmonitor (Top): 12%]"
frame_000104,-1.0,2.3893,16.7289,4.6948,23.8147,-1,0.0," -> [chair (Top-Left): 2%, tvmonitor (Top): 12%]"
frame_000105,-1.0,2.1586,16.6,4.8343,23.5947,-1,0.0," -> [chair (Top-Left): 2%, tvmonitor (Top): 17%]"
frame_000106,-1.0,2.3128,16.2396,6.2619,24.8161,-1,0.0," -> [chair (Top-Left): 3%, dog (Bottom): 11%, tvmonitor (Top): 23%]"
frame_000107,-1.0,3.1083,16.6883,6.8367,26.6352,-1,0.0," -> [chair (Top-Left): 3%, tvmonitor (Top): 27%]"
frame_000108,-1.0,3.3494,16.5008,4.7589,24.6111,-1,0.0," -> [chair (Top-Left): 3%, tvmonitor (Top): 28%]"
frame_000109,-1.0,4.071,16.1832,4.8818,25.1375,-1,0.0," -> [chair (Top-Left): 4%, tvmonitor (Top): 27%]"
frame_000110,-1.0,2.6824,19.7549,4.7813,27.2201,-1,0.0," -> [chair (Top-Left): 3%, tvmonitor (Top): 24%]"
frame_000111,-1.0,4.0729,16.4233,4.8832,25.3809,-1,0.0," -> [chair (Top-Left): 3%, tvmonitor (Top): 25%]"
frame_000112,-1.0,2.2727,16.1601,4.827,23.2612,-1,0.0," -> [chair (Top-Left): 3%, tvmonitor (Top): 25%]"
frame_000113,-1.0,2.2129,16.7274,4.911,23.8529,-1,0.0," -> [chair (Top-Left): 3%, tvmonitor (Top): 24%]"
frame_000114,-1.0,2.2569,17.3695,4.8003,24.4287,-1,0.0," -> [chair (Top-Left): 3%, tvmonitor (Top): 25%]"
frame_000115,-1.0,2.9781,16.5978,4.8239,24.4016,-1,0.0," -> [chair (Top-Left): 3%, tvmonitor (Top): 26%]"
frame_000116,-1.0,2.2573,16.8844,4.689,23.8326,-1,0.0," -> [chair (Top-Left): 3%, tvmonitor (Top): 25%]"
frame_000117,-1.0,2.1315,16.8033,4.8236,23.76,-1,0.0," -> [chair (Top-Left): 3%, tvmonitor (Top): 24%]"
frame_000118,-1.0,1.9408,15.9609,4.5144,22.4172,-1,0.0," -> [chair (Top-Left): 3%, tvmonitor (Top): 25%]"
frame_000119,-1.0,2.7775,17.0884,5.0218,24.8896,-1,0.0," -> [chair (Top-Left): 3%, tvmonitor (Top): 25%]"
frame_000120,-1.0,3.1168,16.5825,4.787,24.4877,-1,0.0," -> [chair (Top-Left): 3%, tvmonitor (Top): 26%]"
frame_000121,-1.0,3.0455,16.0564,4.8208,23.9241,-1,0.0," -> [chair (Top-Left): 3%, tvmonitor (Top): 26%]"
frame_000122,-1.0,2.247,16.8441,4.5537,23.6465,-1,0.0," -> [chair (Top-Left): 3%, tvmonitor (Top): 26%]"
frame_000123,-1.0,2.2766,16.2304,4.8393,23.3485,-1,0.0," -> [chair (Top-Left): 2%, tvmonitor (Center): 31%]"
frame_000124,-1.0,2.6241,16.6439,4.6436,23.9133,-1,0.0," -> [chair (Left): 2%, tvmonitor (Center): 26%]"
frame_000125,-1.0,1.7034,15.973,4.8459,22.5239,-1,0.0," -> [chair (Left): 2%, tvmonitor (Center): 26%]"
frame_000126,-1.0,3.89,16.3684,4.6247,24.8848,-1,0.0," -> [chair (Left): 2%, tvmonitor (Center): 26%]"
frame_000127,-1.0,2.7194,16.7333,4.8656,24.3202,-1,0.0," -> [chair (Left): 2%, tvmonitor (Center): 26%]"
frame_000128,-1.0,2.6532,17.1854,4.7914,24.6324,-1,0.0," -> [chair (Left): 2%, tvmonitor (Center): 24%]"
frame_000129,-1.0,3.4446,16.7127,4.8022,24.9614,-1,0.0," -> [chair (Left): 1%, tvmonitor (Center): 28%]"
frame_000130,-1.0,2.3198,16.6117,4.7469,23.6804,-1,0.0," -> [chair (Left): 1%, tvmonitor (Center): 24%]"
frame_000131,-1.0,2.3384,16.903,4.8481,24.0916,-1,0.0," -> [chair (Left): 1%, tvmonitor (Center): 26%]"
frame_000132,-1.0,2.2391,16.7643,4.6273,23.6326,-1,0.0," -> [chair (Left): 2%, tvmonitor (Center): 19%]"
frame_000133,-1.0,2.2613,16.7838,4.8379,23.8849,-1,0.0," -> [chair (Left): 1%, tvmonitor (Center): 25%]"
frame_000134,-1.0,2.8635,16.7698,4.554,24.1894,-1,0.0, -> [tvmonitor (Center): 30%]
frame_000135,-1.0,2.3023,16.7415,4.791,23.837,-1,0.0, -> [tvmonitor (Center): 27%]
frame_000136,-1.0,5.2957,18.4067,4.583,28.2872,-1,0.0, -> [tvmonitor (Center): 31%]
frame_000137,-1.0,2.8203,16.7673,4.5101,24.0994,-1,0.0, -> [tvmonitor (Center): 28%]
frame_000138,-1.0,2.6527,16.2244,4.4308,23.3098,-1,0.0, -> [tvmonitor (Center): 27%]
frame_000139,-1.0,1.8515,16.412,7.0659,25.3311,-1,0.0, -> [tvmonitor (Center): 29%]
frame_000140,-1.0,2.0823,15.6888,4.4003,22.1725,-1,0.0, -> [background only]
frame_000141,-1.0,5.0683,20.5834,4.8667,30.5199,-1,0.0, -> [tvmonitor (Center): 31%]
frame_000142,-1.0,3.4292,16.3206,4.4997,24.2507,-1,0.0, -> [tvmonitor (Center): 29%]
frame_000143,-1.0,2.9986,16.8421,6.2314,26.0738,-1,0.0, -> [tvmonitor (Center): 32%]
frame_000144,-1.0,2.9915,16.6721,4.5115,24.1768,-1,0.0, -> [tvmonitor (Center): 24%]
frame_000145,-1.0,4.5112,16.5875,5.0744,26.1747,-1,0.0, -> [tvmonitor (Center): 32%]
frame_000146,-1.0,3.0065,16.4713,4.5088,23.9882,-1,0.0, -> [tvmonitor (Center): 33%]
frame_000147,-1.0,2.4703,17.2558,4.8908,24.6186,-1,0.0, -> [tvmonitor (Center): 37%]
frame_000148,-1.0,5.2565,16.5535,4.5242,26.336,-1,0.0, -> [tvmonitor (Center): 34%]
frame_000149,-1.0,3.3635,20.134,5.0786,28.5776,-1,0.0, -> [tvmonitor (Center): 37%]
frame_000150,-1.0,3.0748,15.8264,4.5984,23.5009,-1,0.0, -> [tvmonitor (Center): 32%]
frame_000151,-1.0,3.0826,18.2309,4.7468,26.0622,-1,0.0, -> [background only]
frame_000152,-1.0,5.2363,16.5106,4.5199,26.2686,-1,0.0, -> [chair (Left): 1%]
frame_000153,-1.0,2.2574,17.75,4.8875,24.896,-1,0.0, -> [chair (Left): 2%]
frame_000154,-1.0,1.8132,16.1474,4.6539,22.6158,-1,0.0," -> [chair (Left): 4%, tvmonitor (Center): 35%]"
frame_000155,-1.0,2.5335,16.6899,4.9877,24.2131,-1,0.0," -> [chair (Left): 5%, tvmonitor (Center): 31%]"
frame_000156,-1.0,2.2528,16.9978,4.6562,23.9086,-1,0.0," -> [chair (Left): 9%, tvmonitor (Center): 32%]"
frame_000157,-1.0,2.1884,16.1283,4.961,23.2792,-1,0.0," -> [chair (Left): 11%, tvmonitor (Top): 6%]"
frame_000158,-1.0,2.2479,16.751,4.6468,23.6477,-1,0.0, -> [chair (Left): 10%]
frame_000159,-1.0,2.2682,19.1623,5.0899,26.5224,-1,0.0, -> [chair (Left): 16%]
frame_000160,-1.0,2.2463,16.5381,4.7091,23.4956,-1,0.0," -> [chair (Left): 20%, tvmonitor (Center): 4%]"
frame_000161,-1.0,2.6464,16.4112,5.2245,24.2839,-1,0.0," -> [chair (Left): 16%, tvmonitor (Top-Right): 20%]"
frame_000162,-1.0,2.316,16.2399,4.7068,23.2644,-1,0.0," -> [chair (Left): 21%, tvmonitor (Top): 1%]"
frame_000163,-1.0,2.0615,16.6537,4.9478,23.665,-1,0.0," -> [chair (Left): 17%, tvmonitor (Top): 3%]"
frame_000164,-1.0,4.9917,16.0143,4.719,25.7266,-1,0.0," -> [chair (Left): 23%, tvmonitor (Top): 4%]"
frame_000165,-1.0,4.2661,16.5511,4.9069,25.7259,-1,0.0, -> [chair (Left): 26%]
frame_000166,-1.0,4.6131,16.012,4.6843,25.3112,-1,0.0," -> [chair (Left): 25%, tvmonitor (Top-Right): 1%]"
frame_000167,-1.0,3.0031,16.7062,4.9574,24.6687,-1,0.0," -> [chair (Left): 16%, tvmonitor (Top-Right): 11%]"
frame_000168,-1.0,2.0178,15.7075,4.7305,22.4573,-1,0.0," -> [chair (Top-Left): 16%, tvmonitor (Right): 18%]"
frame_000169,-1.0,2.5851,16.2033,4.9857,23.7758,-1,0.0," -> [chair (Center): 20%, tvmonitor (Right): 12%]"
frame_000170,-1.0,4.1893,16.3645,4.7208,25.2761,-1,0.0," -> [chair (Center): 21%, tvmonitor (Top-Right): 15%]"
frame_000171,-1.0,3.0738,16.545,5.1423,24.7627,-1,0.0," -> [chair (Center): 30%, tvmonitor (Top-Right): 1%]"
frame_000172,-1.0,2.241,16.7236,4.7511,23.7174,-1,0.0," -> [chair (Center): 38%, tvmonitor (Top-Right): 2%]"
frame_000173,-1.0,3.0622,21.2444,6.1295,30.4377,-1,0.0," -> [chair (Center): 32%, tvmonitor (Top-Right): 9%]"
frame_000174,-1.0,2.9869,16.5795,4.722,24.29,-1,0.0," -> [chair (Top): 14%, tvmonitor (Right): 11%]"
frame_000175,-1.0,2.6695,16.6034,5.2159,24.4904,-1,0.0," -> [chair (Center): 29%, tvmonitor (Right): 10%]"
frame_000176,-1.0,4.2008,21.5713,4.7702,30.5436,-1,0.0," -> [chair (Center): 21%, tvmonitor (Right): 8%]"
frame_000177,-1.0,1.8737,16.1545,5.2418,23.2715,-1,0.0," -> [chair (Center): 21%, tvmonitor (Right): 7%]"
frame_000178,-1.0,2.2714,16.6835,4.6763,23.6332,-1,0.0," -> [chair (Center): 29%, tvmonitor (Top-Right): 1%]"
frame_000179,-1.0,2.7208,16.7216,5.1198,24.564,-1,0.0, -> [chair (Center): 29%]
frame_000180,-1.0,3.2747,16.4851,4.5702,24.3317,-1,0.0, -> [chair (Center): 28%]
frame_000181,-1.0,4.2143,16.5788,5.0914,25.8867,-1,0.0, -> [chair (Top-Right): 10%]
frame_000182,-1.0,2.3121,16.3044,4.673,23.2912,-1,0.0, -> [chair (Top-Right): 14%]
frame_000183,-1.0,3.4739,16.4952,6.4987,26.4695,-1,0.0, -> [chair (Top-Right): 14%]
frame_000184,-1.0,3.6717,16.6386,4.7441,25.0564,-1,0.0, -> [chair (Top-Right): 12%]
frame_000185,-1.0,2.5221,17.4733,4.9618,24.9591,-1,0.0, -> [chair (Right): 27%]
frame_000186,-1.0,2.9016,16.7158,4.7245,24.3437,-1,0.0, -> [chair (Right): 13%]
frame_000187,-1.0,2.2894,16.8991,4.9631,24.1531,-1,0.0, -> [chair (Top-Right): 8%]
frame_000188,-1.0,2.3424,16.6384,4.5821,23.5643,-1,0.0, -> [background only]
frame_000189,-1.0,2.6313,16.8301,4.9186,24.3815,-1,0.0, -> [chair (Top-Right): 5%]
frame_000190,-1.0,2.2514,16.6526,4.5458,23.4512,-1,0.0, -> [chair (Right): 5%]
frame_000191,-1.0,2.3383,16.8343,4.9171,24.0916,-1,0.0, -> [chair (Top-Right): 2%]
frame_000192,-1.0,2.5981,16.6045,4.4418,23.6462,-1,0.0, -> [background only]
frame_000193,-1.0,2.8002,20.0322,4.8164,27.6508,-1,0.0, -> [background only]
frame_000194,-1.0,2.9232,16.5672,5.7815,25.2735,-1,0.0, -> [background only]
frame_000195,-1.0,2.6138,16.6743,4.9448,24.2346,-1,0.0, -> [background only]
frame_000196,-1.0,2.6538,16.412,4.8653,23.9332,-1,0.0, -> [background only]
frame_000197,-1.0,1.6156,17.535,4.9793,24.1312,-1,0.0, -> [background only]
frame_000198,-1.0,2.8526,18.7464,4.4278,26.0284,-1,0.0, -> [background only]
frame_000199,-1.0,2.1168,16.3896,4.9875,23.4957,-1,0.0, -> [background only]
frame_000200,-1.0,4.4687,16.7654,4.5426,25.7783,-1,0.0, -> [chair (Top-Left): 1%]
frame_000201,-1.0,3.1334,16.8106,5.0971,25.0426,-1,0.0, -> [chair (Top-Left): 2%]
frame_000202,-1.0,4.952,16.8166,4.6087,26.3789,-1,0.0, -> [background only]
frame_000203,-1.0,2.7414,15.9673,4.9967,23.7068,-1,0.0," -> [chair (Top-Left): 2%, tvmonitor (Top-Right): 3%]"
frame_000204,-1.0,4.2154,16.7363,4.5932,25.5464,-1,0.0, -> [chair (Top-Left): 2%]
frame_000205,-1.0,2.9398,16.771,4.977,24.6898,-1,0.0, -> [chair (Top-Left): 3%]
frame_000206,-1.0,2.0089,18.0727,4.6456,24.7286,-1,0.0," -> [chair (Top-Left): 3%, tvmonitor (Top-Right): 2%]"
frame_000207,-1.0,3.1201,16.5036,5.1303,24.756,-1,0.0, -> [chair (Top-Left): 3%]
frame_000208,-1.0,3.2501,16.599,4.4548,24.3052,-1,0.0, -> [background only]
frame_000209,-1.0,3.114,16.2025,5.0998,24.418,-1,0.0, -> [chair (Top-Left): 4%]
frame_000210,-1.0,2.3997,16.9315,4.6031,23.9359,-1,0.0, -> [chair (Top-Left): 3%]
frame_000211,-1.0,2.8447,15.9057,5.06,23.8116,-1,0.0, -> [background only]
frame_000212,-1.0,3.0841,17.5489,6.0463,26.6814,-1,0.0, -> [chair (Top-Left): 3%]
frame_000213,-1.0,5.3125,16.4748,5.1286,26.9178,-1,0.0, -> [chair (Top-Left): 2%]
frame_000214,-1.0,2.406,17.4597,4.9772,24.8449,-1,0.0," -> [chair (Top-Left): 3%, person (Top-Right): 1%, tvmonitor (Top-Right): 2%]"
frame_000215,-1.0,2.849,18.0417,4.9562,25.8491,-1,0.0, -> [chair (Top-Left): 4%]
frame_000216,-1.0,1.9332,16.624,6.3699,24.9286,-1,0.0," -> [chair (Top-Left): 2%, tvmonitor (Right): 2%]"
frame_000217,-1.0,4.6467,16.398,4.9524,25.9989,-1,0.0, -> [chair (Top-Left): 2%]
frame_000218,-1.0,3.8993,16.1661,4.7837,24.8507,-1,0.0, -> [chair (Top-Left): 1%]
frame_000219,-1.0,3.764,16.9474,4.9303,25.6431,-1,0.0, -> [chair (Top-Left): 2%]
frame_000220,-1.0,3.4771,16.0192,6.6266,26.1247,-1,0.0, -> [chair (Top-Left): 1%]
frame_000221,-1.0,2.9612,16.522,4.8343,24.3192,-1,0.0, -> [background only]
frame_000222,-1.0,4.3187,16.5354,4.6659,25.5216,-1,0.0, -> [background only]
frame_000223,-1.0,3.4992,16.6669,5.1098,25.2775,-1,0.0, -> [chair (Top-Left): 3%]
frame_000224,-1.0,2.3146,17.523,4.8426,24.6822,-1,0.0, -> [chair (Top-Left): 3%]
frame_000225,-1.0,1.7481,15.5171,5.1806,22.4469,-1,0.0, -> [chair (Top-Left): 3%]
frame_000226,-1.0,3.2239,17.5712,4.9761,25.7729,-1,0.0," -> [chair (Top-Left): 3%, person (Top-Right): 1%, tvmonitor (Right): 9%]"
frame_000227,-1.0,2.3039,16.9922,5.1015,24.3994,-1,0.0, -> [chair (Top-Left): 3%]
frame_000228,-1.0,2.4686,17.0218,4.7861,24.2781,-1,0.0, -> [chair (Top-Left): 3%]
frame_000229,-1.0,3.0244,20.3532,5.1047,28.4838,-1,0.0, -> [chair (Top-Left): 3%]
frame_000230,-1.0,3.2874,17.5312,4.7679,25.5886,-1,0.0, -> [chair (Top-Left): 3%]
frame_000231,-1.0,2.6412,16.8478,5.114,24.6045,-1,0.0, -> [chair (Top-Left): 3%]
frame_000232,-1.0,3.3052,18.2302,5.7853,27.3225,-1,0.0, -> [chair (Top-Left): 3%]
frame_000233,-1.0,2.8115,17.4951,5.0854,25.394,-1,0.0, -> [chair (Top-Left): 3%]
frame_000234,-1.0,2.6149,17.3697,4.8318,24.8181,-1,0.0, -> [chair (Top-Left): 4%]
frame_000235,-1.0,2.4236,17.559,4.9378,24.9225,-1,0.0, -> [chair (Top-Left): 5%]
frame_000236,-1.0,4.9018,16.3258,4.8745,26.104,-1,0.0," -> [chair (Left): 10%, tvmonitor (Bottom-Right): 4%]"
frame_000237,-1.0,2.875,16.7421,4.946,24.5647,-1,0.0, -> [chair (Top-Left): 6%]
frame_000238,-1.0,2.4576,18.8676,4.8064,26.1337,-1,0.0, -> [chair (Left): 15%]
frame_000239,-1.0,2.1329,17.3605,5.4108,24.9063,-1,0.0," -> [bicycle (Bottom-Left): 3%, chair (Top-Left): 8%]"
frame_000240,-1.0,2.4995,17.3226,5.1314,24.9556,-1,0.0," -> [bicycle (Bottom-Left): 3%, chair (Top-Left): 7%]"
frame_000241,-1.0,2.3173,17.8224,5.2763,25.418,-1,0.0, -> [chair (Top-Left): 2%]
frame_000242,-1.0,2.3054,17.9608,4.9594,25.2276,-1,0.0, -> [chair (Top-Left): 6%]
frame_000243,-1.0,2.3737,20.7165,5.5101,28.6027,-1,0.0, -> [chair (Top-Left): 7%]
frame_000244,-1.0,3.8559,16.3607,5.092,25.3105,-1,0.0," -> [bicycle (Bottom): 2%, chair (Top-Left): 3%]"
frame_000245,-1.0,4.8663,16.3448,5.4787,26.6917,-1,0.0, -> [chair (Top): 14%]
frame_000246,-1.0,2.814,16.9614,5.1601,24.9374,-1,0.0," -> [bicycle (Center): 1%, chair (Top): 9%]"
frame_000247,-1.0,3.568,16.6599,5.2421,25.4722,-1,0.0, -> [chair (Top): 17%]
frame_000248,-1.0,2.2334,17.2292,5.0603,24.5253,-1,0.0, -> [chair (Center): 24%]
frame_000249,-1.0,1.9178,19.7116,5.2602,26.8914,-1,0.0, -> [motorbike (Center): 28%]
frame_000250,-1.0,3.5223,17.6122,5.1331,26.2697,-1,0.0," -> [chair (Top): 3%, motorbike (Top): 14%]"
frame_000251,-1.0,2.9646,16.8787,5.3824,25.2276,-1,0.0, -> [motorbike (Right): 55%]
frame_000252,-1.0,4.4856,16.8965,4.9536,26.3379,-1,0.0, -> [chair (Top): 7%]
frame_000253,-1.0,2.2247,17.4571,5.6233,25.3073,-1,0.0, -> [motorbike (Right): 57%]
frame_000254,-1.0,2.352,17.7024,4.7654,24.8218,-1,0.0, -> [motorbike (Right): 45%]
frame_000255,-1.0,1.6345,15.9222,5.2011,22.7589,-1,0.0, -> [motorbike (Right): 36%]
frame_000256,-1.0,2.1922,17.6004,5.0021,24.797,-1,0.0, -> [motorbike (Right): 34%]
frame_000257,-1.0,2.3595,17.0826,5.4569,24.9008,-1,0.0, -> [motorbike (Top-Right): 10%]
frame_000258,-1.0,2.2738,17.3982,4.9735,24.6477,-1,0.0, -> [motorbike (Top-Right): 13%]
frame_000259,-1.0,2.8212,17.1021,5.1807,25.1058,-1,0.0, -> [motorbike (Right): 29%]
frame_000260,-1.0,2.9298,16.8676,4.917,24.7162,-1,0.0, -> [motorbike (Top-Right): 3%]
frame_000261,-1.0,2.1902,16.6531,5.1564,24.0015,-1,0.0, -> [motorbike (Top-Right): 4%]
frame_000262,-1.0,2.871,17.3017,4.7618,24.9363,-1,0.0, -> [background only]
frame_000263,-1.0,2.0996,16.9398,5.3365,24.3773,-1,0.0, -> [motorbike (Top-Right): 7%]
frame_000264,-1.0,2.7922,17.1626,4.6183,24.5748,-1,0.0, -> [background only]
frame_000265,-1.0,2.8427,16.578,5.1122,24.5345,-1,0.0, -> [background only]
frame_000266,-1.0,2.1932,16.8243,4.6253,23.6448,-1,0.0, -> [background only]
frame_000267,-1.0,2.3456,16.7654,5.0305,24.1437,-1,0.0, -> [background only]
frame_000268,-1.0,1.5527,15.8174,4.8041,22.176,-1,0.0, -> [background only]
frame_000269,-1.0,2.6253,17.7173,5.058,25.4023,-1,0.0, -> [background only]
frame_000270,-1.0,2.8981,17.6516,4.7753,25.3268,-1,0.0, -> [background only]
frame_000271,-1.0,3.9829,16.9519,5.2771,26.2137,-1,0.0, -> [background only]
frame_000272,-1.0,2.7883,17.4937,4.5998,24.884,-1,0.0, -> [background only]
frame_000273,-1.0,2.8459,17.4204,5.0787,25.3473,-1,0.0, -> [background only]
frame_000274,-1.0,4.6862,16.2698,4.603,25.5605,-1,0.0, -> [background only]
frame_000275,-1.0,4.626,16.6081,5.2917,26.5279,-1,0.0, -> [background only]
frame_000276,-1.0,3.9723,16.991,4.7511,25.7164,-1,0.0, -> [background only]
frame_000277,-1.0,3.5265,17.0383,5.0983,25.6648,-1,0.0, -> [background only]
frame_000278,-1.0,2.7717,16.4323,4.8004,24.0063,-1,0.0, -> [background only]
frame_000279,-1.0,2.731,17.7777,5.2359,25.7462,-1,0.0, -> [background only]
frame_000280,-1.0,2.7532,17.5161,4.5999,24.8709,-1,0.0, -> [background only]
frame_000281,-1.0,2.8369,17.4306,5.2726,25.5417,-1,0.0, -> [background only]
frame_000282,-1.0,2.0947,15.9567,4.4262,22.4794,-1,0.0, -> [background only]
frame_000283,-1.0,2.2869,16.439,4.9318,23.6595,-1,0.0, -> [background only]
frame_000284,-1.0,2.9909,17.1106,4.4195,24.5231,-1,0.0, -> [background only]
frame_000285,-1.0,2.1758,17.31,4.8385,24.3267,-1,0.0, -> [background only]
frame_000286,-1.0,2.1366,17.2578,4.4182,23.8142,-1,0.0, -> [background only]
frame_000287,-1.0,2.2017,16.4668,5.005,23.6752,-1,0.0, -> [background only]
frame_000288,-1.0,2.1885,17.104,4.5731,23.8675,-1,0.0, -> [background only]
frame_000289,-1.0,2.1689,18.8476,4.9275,25.9459,-1,0.0, -> [background only]
frame_000290,-1.0,6.1827,15.8032,4.5361,26.5236,-1,0.0, -> [background only]
frame_000291,-1.0,3.7401,16.4298,4.9208,25.0924,-1,0.0, -> [background only]
frame_000292,-1.0,3.2796,16.5262,4.5104,24.3176,-1,0.0, -> [background only]
frame_000293,-1.0,2.8382,16.9863,4.9193,24.7459,-1,0.0, -> [background only]
frame_000294,-1.0,2.1764,17.3605,4.5054,24.0436,-1,0.0, -> [background only]
frame_000295,-1.0,2.8477,16.8811,6.1619,25.8929,-1,0.0, -> [background only]
frame_000296,-1.0,3.659,17.292,4.6103,25.5633,-1,0.0, -> [background only]
frame_000297,-1.0,1.584,15.8362,5.0258,22.4472,-1,0.0, -> [background only]
frame_000298,-1.0,2.2192,16.7301,4.5245,23.4756,-1,0.0, -> [background only]
frame_000299,-1.0,2.5706,16.6884,5.0049,24.2656,-1,0.0, -> [background only]
frame_000300,-1.0,4.5631,16.5899,4.5467,25.7011,-1,0.0, -> [background only]
frame_000301,-1.0,2.3446,16.9647,5.0443,24.3557,-1,0.0, -> [background only]
frame_000302,-1.0,3.0202,16.8678,4.5109,24.4008,-1,0.0, -> [background only]
frame_000303,-1.0,5.2826,16.6202,4.9954,26.8999,-1,0.0, -> [background only]
frame_000304,-1.0,2.9682,16.6748,4.5218,24.1667,-1,0.0, -> [background only]
frame_000305,-1.0,4.9875,16.3873,5.0107,26.3873,-1,0.0, -> [background only]
frame_000306,-1.0,3.7862,16.6817,4.5101,24.9799,-1,0.0, -> [background only]
frame_000307,-1.0,3.1138,16.8064,4.8474,24.77,-1,0.0, -> [background only]
frame_000308,-1.0,4.4272,15.9336,4.5974,24.9603,-1,0.0, -> [background only]
frame_000309,-1.0,2.4771,19.6402,5.0304,27.1497,-1,0.0, -> [background only]
frame_000310,-1.0,4.8632,16.4197,4.3884,25.6732,-1,0.0, -> [background only]
frame_000311,-1.0,2.1225,15.7638,5.0478,22.9354,-1,0.0, -> [background only]
frame_000312,-1.0,4.7475,16.611,4.4323,25.7927,-1,0.0, -> [background only]
frame_000313,-1.0,3.8802,16.5089,4.9053,25.2959,-1,0.0, -> [background only]
frame_000314,-1.0,2.7497,17.1102,4.5444,24.4061,-1,0.0, -> [background only]
frame_000315,-1.0,3.0487,16.3754,7.0943,26.5203,-1,0.0, -> [background only]
frame_000316,-1.0,5.3632,15.9137,4.491,25.7694,-1,0.0, -> [background only]
frame_000317,-1.0,3.2655,16.5304,5.0199,24.818,-1,0.0, -> [background only]
frame_000318,-1.0,3.2986,16.6288,4.4239,24.353,-1,0.0, -> [background only]
frame_000319,-1.0,3.1147,17.0789,4.9778,25.1732,-1,0.0, -> [background only]
frame_000320,-1.0,2.822,16.8853,4.5107,24.2201,-1,0.0, -> [background only]
frame_000321,-1.0,2.701,16.6497,5.009,24.3618,-1,0.0, -> [background only]
frame_000322,-1.0,4.437,16.6357,4.5324,25.6068,-1,0.0, -> [background only]
frame_000323,-1.0,2.7408,16.2224,4.9021,23.8669,-1,0.0, -> [background only]
frame_000324,-1.0,3.4269,16.6664,4.3771,24.4722,-1,0.0, -> [background only]
frame_000325,-1.0,2.4464,16.508,4.9182,23.8744,-1,0.0, -> [background only]
frame_000326,-1.0,2.1017,18.3168,4.4158,24.8367,-1,0.0, -> [background only]
frame_000327,-1.0,2.7235,16.9309,4.9204,24.5768,-1,0.0, -> [background only]
frame_000328,-1.0,3.126,16.8204,4.54,24.4889,-1,0.0, -> [background only]
frame_000329,-1.0,2.2987,17.4248,4.9155,24.6409,-1,0.0, -> [background only]
frame_000330,-1.0,2.3727,17.4757,4.5568,24.4074,-1,0.0, -> [background only]
frame_000331,-1.0,3.8825,16.5946,4.9413,25.4204,-1,0.0, -> [background only]
frame_000332,-1.0,2.7643,16.8637,4.55,24.1804,-1,0.0, -> [background only]
frame_000333,-1.0,4.646,16.4554,4.9523,26.0556,-1,0.0, -> [background only]
frame_000334,-1.0,4.012,16.5167,4.5552,25.0865,-1,0.0, -> [background only]
frame_000335,-1.0,3.1361,16.7516,7.0808,26.9705,-1,0.0, -> [background only]
frame_000336,-1.0,4.6808,16.5091,4.4916,25.6831,-1,0.0, -> [background only]
frame_000337,-1.0,3.2602,16.6833,5.03,24.9753,-1,0.0, -> [background only]
frame_000338,-1.0,2.743,16.6962,4.5447,23.986,-1,0.0, -> [background only]
frame_000339,-1.0,3.1847,17.5649,4.9599,25.7117,-1,0.0, -> [background only]
frame_000340,-1.0,1.7567,16.7218,4.5439,23.0235,-1,0.0, -> [background only]
frame_000341,-1.0,2.2746,17.4377,4.9347,24.6492,-1,0.0, -> [background only]
frame_000342,-1.0,2.9385,16.506,4.5285,23.9745,-1,0.0, -> [background only]
frame_000343,-1.0,2.987,16.8568,4.9016,24.7472,-1,0.0, -> [background only]
frame_000344,-1.0,2.3696,16.7318,4.4961,23.5995,-1,0.0, -> [background only]
frame_000345,-1.0,1.5463,15.8433,4.974,22.3648,-1,0.0, -> [background only]
frame_000346,-1.0,2.3931,17.23,4.5479,24.1726,-1,0.0, -> [background only]
frame_000347,-1.0,2.4887,16.9829,5.0131,24.4865,-1,0.0, -> [background only]
frame_000348,-1.0,2.1746,16.2013,4.4075,22.7848,-1,0.0, -> [background only]
frame_000349,-1.0,2.2393,19.4995,5.1559,26.8968,-1,0.0, -> [background only]
frame_000350,-1.0,2.3988,17.4125,4.6098,24.4231,-1,0.0, -> [background only]
frame_000351,-1.0,2.1662,17.0078,5.1527,24.3286,-1,0.0, -> [background only]
frame_000352,-1.0,2.1782,17.5885,4.6401,24.4082,-1,0.0, -> [background only]
frame_000353,-1.0,2.1859,16.1186,5.1534,23.4594,-1,0.0, -> [background only]
frame_000354,-1.0,4.7011,16.7077,4.6835,26.0937,-1,0.0, -> [background only]
frame_000355,-1.0,3.0163,16.9618,5.1339,25.1138,-1,0.0, -> [background only]
frame_000356,-1.0,2.8443,17.2823,4.5228,24.6511,-1,0.0, -> [background only]
frame_000357,-1.0,2.2545,17.3514,5.1918,24.7999,-1,0.0, -> [background only]
frame_000358,-1.0,2.9456,16.9579,4.6712,24.5765,-1,0.0, -> [background only]
frame_000359,-1.0,2.2489,17.9233,5.1663,25.3411,-1,0.0, -> [background only]
frame_000360,-1.0,2.8372,17.3735,4.6639,24.8767,-1,0.0, -> [background only]
frame_000361,-1.0,2.9892,17.3932,5.1752,25.5595,-1,0.0, -> [background only]
frame_000362,-1.0,6.391,16.1662,4.6652,27.2241,-1,0.0, -> [background only]
frame_000363,-1.0,5.0401,16.5432,5.2016,26.7876,-1,0.0, -> [background only]
frame_000364,-1.0,3.1529,16.7938,4.6666,24.6151,-1,0.0, -> [background only]
frame_000365,-1.0,2.8133,17.464,5.0816,25.3609,-1,0.0, -> [background only]
frame_000366,-1.0,2.8998,17.6804,4.6906,25.273,-1,0.0, -> [background only]
frame_000367,-1.0,2.9145,16.9819,5.0234,24.9215,-1,0.0, -> [background only]
frame_000368,-1.0,1.4326,16.0241,4.6784,22.1363,-1,0.0, -> [background only]
frame_000369,-1.0,2.5695,17.1971,5.1743,24.9427,-1,0.0, -> [background only]
frame_000370,-1.0,2.1832,16.7923,4.6897,23.6668,-1,0.0, -> [background only]
frame_000371,-1.0,2.1173,20.3047,5.1865,27.6107,-1,0.0, -> [background only]
frame_000372,-1.0,4.9499,16.4827,4.6643,26.0981,-1,0.0, -> [background only]
frame_000373,-1.0,3.2715,16.8986,5.0589,25.2311,-1,0.0, -> [background only]
frame_000374,-1.0,2.7284,16.8426,4.8122,24.3852,-1,0.0, -> [background only]
frame_000375,-1.0,2.1187,17.2143,5.0989,24.434,-1,0.0, -> [background only]
frame_000376,-1.0,3.3988,16.7959,4.7803,24.9767,-1,0.0, -> [background only]
frame_000377,-1.0,2.8009,17.1557,5.0192,24.9774,-1,0.0, -> [background only]
frame_000378,-1.0,4.8547,16.6395,4.5121,26.0079,-1,0.0, -> [background only]
frame_000379,-1.0,3.6359,16.6253,5.0573,25.3199,-1,0.0, -> [background only]
frame_000380,-1.0,5.3776,15.7657,4.5308,25.6753,-1,0.0, -> [background only]
frame_000381,-1.0,3.0158,16.7839,4.9889,24.7902,-1,0.0, -> [background only]
frame_000382,-1.0,2.6965,16.5199,4.5815,23.7997,-1,0.0, -> [background only]
frame_000383,-1.0,1.5994,15.8579,4.9695,22.4281,-1,0.0, -> [background only]
frame_000384,-1.0,2.1984,16.7307,4.7884,23.7193,-1,0.0, -> [background only]
frame_000385,-1.0,2.146,16.8505,5.1672,24.1653,-1,0.0, -> [background only]
frame_000386,-1.0,1.955,17.4308,4.6653,24.0528,-1,0.0, -> [background only]
frame_000387,-1.0,2.1548,16.7832,4.9866,23.9263,-1,0.0, -> [background only]
frame_000388,-1.0,2.7237,16.8448,4.6868,24.2568,-1,0.0, -> [background only]
frame_000389,-1.0,2.1619,17.4999,5.0133,24.6769,-1,0.0, -> [background only]
frame_000390,-1.0,1.8623,16.8235,4.6506,23.3378,-1,0.0, -> [background only]
frame_000391,-1.0,2.1499,19.8626,4.9686,26.9831,-1,0.0, -> [background only]
frame_000392,-1.0,2.3539,16.1353,4.6346,23.1257,-1,0.0, -> [background only]
frame_000393,-1.0,2.9779,16.8704,5.1326,24.9829,-1,0.0, -> [background only]
frame_000394,-1.0,2.1233,17.4306,4.532,24.088,-1,0.0, -> [background only]
frame_000395,-1.0,2.696,16.7865,5.1032,24.5877,-1,0.0, -> [background only]
frame_000396,-1.0,1.6658,16.5292,4.6363,22.8328,-1,0.0, -> [background only]
frame_000397,-1.0,1.4978,20.2064,5.085,26.7905,-1,0.0, -> [background only]
frame_000398,-1.0,2.3348,16.8433,4.6486,23.8284,-1,0.0, -> [background only]
frame_000399,-1.0,2.1675,16.6767,5.0361,23.8822,-1,0.0, -> [background only]
frame_000400,-1.0,1.7158,16.6155,4.5096,22.8421,-1,0.0, -> [background only]
frame_000401,-1.0,2.2723,20.1223,5.0767,27.4733,-1,0.0, -> [background only]
frame_000402,-1.0,2.5969,17.1838,6.2403,26.023,-1,0.0, -> [background only]
frame_000403,-1.0,2.76,17.2961,5.03,25.0881,-1,0.0, -> [background only]
frame_000404,-1.0,2.8331,17.1058,4.6776,24.6186,-1,0.0, -> [background only]
frame_000405,-1.0,2.1731,17.1595,5.0944,24.4289,-1,0.0, -> [background only]
frame_000406,-1.0,2.1542,17.3159,4.6921,24.1647,-1,0.0, -> [background only]
frame_000407,-1.0,2.1488,16.7596,5.0223,23.9328,-1,0.0, -> [background only]
frame_000408,-1.0,2.6097,17.0606,4.8394,24.5119,-1,0.0, -> [background only]
frame_000409,-1.0,2.9285,15.9431,5.109,23.9826,-1,0.0, -> [background only]
frame_000410,-1.0,1.5123,16.1774,4.5187,22.2097,-1,0.0, -> [background only]
frame_000411,-1.0,2.7803,14.5043,5.3328,22.619,-1,0.0, -> [background only]
frame_000412,-1.0,2.3401,14.363,4.73,21.4343,-1,0.0, -> [background only]
frame_000413,-1.0,4.1086,19.3831,5.1573,28.6505,-1,0.0, -> [background only]
frame_000414,-1.0,3.2938,15.1332,4.8098,23.2382,-1,0.0, -> [background only]
frame_000415,-1.0,2.7359,14.3682,5.0782,22.1836,-1,0.0, -> [background only]
frame_000416,-1.0,3.3991,14.3263,4.8602,22.5867,-1,0.0, -> [background only]
frame_000417,-1.0,2.6985,14.7394,5.0966,22.5361,-1,0.0, -> [background only]
frame_000418,-1.0,1.8392,16.5933,4.7284,23.1621,-1,0.0, -> [background only]
frame_000419,-1.0,3.1648,14.4988,5.0806,22.7454,-1,0.0, -> [background only]
frame_000420,-1.0,2.2529,16.8086,4.5819,23.6446,-1,0.0, -> [background only]
frame_000421,-1.0,1.7627,14.3027,5.0851,21.1519,-1,0.0, -> [background only]
frame_000422,-1.0,1.6556,16.9648,4.8448,23.4665,-1,0.0, -> [background only]
frame_000423,-1.0,3.4778,14.5422,5.0793,23.1003,-1,0.0, -> [background only]
frame_000424,-1.0,2.6349,14.3301,4.722,21.6882,-1,0.0, -> [background only]
frame_000425,-1.0,3.5876,14.4755,5.1374,23.2016,-1,0.0, -> [background only]
frame_000426,-1.0,1.8407,14.3077,4.7172,20.8669,-1,0.0, -> [background only]
frame_000427,-1.0,2.223,17.7232,5.4197,25.3669,-1,0.0, -> [background only]
frame_000428,-1.0,1.4734,14.4027,4.6058,20.4831,-1,0.0, -> [background only]
frame_000429,-1.0,2.0693,16.8121,5.1176,24.0009,-1,0.0, -> [background only]
frame_000430,-1.0,2.0812,17.4219,4.7012,24.2061,-1,0.0, -> [background only]
frame_000431,-1.0,4.707,19.5115,5.1251,29.3459,-1,0.0, -> [background only]
frame_000432,-1.0,2.4135,16.1411,4.8301,23.3865,-1,0.0, -> [background only]
frame_000433,-1.0,4.7668,16.2526,5.1102,26.1318,-1,0.0, -> [background only]
frame_000434,-1.0,2.3002,16.5919,4.7586,23.6522,-1,0.0, -> [background only]
frame_000435,-1.0,4.3642,16.6509,5.1735,26.1905,-1,0.0, -> [background only]
frame_000436,-1.0,2.5164,17.0426,4.626,24.1865,-1,0.0, -> [background only]
frame_000437,-1.0,4.9871,16.8477,5.2444,27.0807,-1,0.0, -> [background only]
frame_000438,-1.0,3.0136,16.7019,4.6061,24.3234,-1,0.0, -> [background only]
frame_000439,-1.0,5.0185,16.9256,5.5186,27.4646,-1,0.0, -> [background only]
frame_000440,-1.0,2.0436,15.6364,4.6382,22.3197,-1,0.0, -> [background only]
frame_000441,-1.0,4.6316,19.6571,5.3223,29.6133,-1,0.0, -> [background only]
frame_000442,-1.0,2.8015,17.0952,4.6603,24.5591,-1,0.0, -> [background only]
frame_000443,-1.0,4.2822,20.6476,5.1714,30.1028,-1,0.0, -> [background only]
frame_000444,-1.0,1.9685,16.0774,4.6173,22.6645,-1,0.0, -> [background only]
frame_000445,-1.0,5.5141,16.5509,5.11,27.1766,-1,0.0, -> [background only]
frame_000446,-1.0,2.7782,16.7443,4.8092,24.3336,-1,0.0, -> [background only]
frame_000447,-1.0,4.9137,17.2491,5.1733,27.3379,-1,0.0, -> [background only]
frame_000448,-1.0,2.3646,16.514,4.7784,23.6589,-1,0.0, -> [background only]
frame_000449,-1.0,4.6912,16.6629,5.1223,26.4784,-1,0.0, -> [background only]
frame_000450,-1.0,3.0947,17.4887,4.7901,25.3754,-1,0.0, -> [background only]
frame_000451,-1.0,4.223,16.4215,5.1547,25.8017,-1,0.0, -> [background only]
frame_000452,-1.0,2.5195,17.1251,4.8247,24.4711,-1,0.0, -> [background only]
frame_000453,-1.0,4.7395,16.4399,5.1729,26.3546,-1,0.0, -> [background only]
frame_000454,-1.0,2.2927,15.6941,5.0462,23.0345,-1,0.0, -> [background only]
frame_000455,-1.0,4.2042,17.1564,5.0395,26.402,-1,0.0, -> [background only]
frame_000456,-1.0,3.5092,17.3857,4.9323,25.8292,-1,0.0, -> [background only]
frame_000457,-1.0,4.7419,19.4728,5.1838,29.4005,-1,0.0, -> [background only]
frame_000458,-1.0,2.9729,16.3074,4.8835,24.1654,-1,0.0, -> [background only]
frame_000459,-1.0,3.7144,16.6375,5.2103,25.5638,-1,0.0, -> [background only]
frame_000460,-1.0,4.7095,17.1074,4.8092,26.6281,-1,0.0, -> [background only]
frame_000461,-1.0,3.1711,16.9263,5.2252,25.3245,-1,0.0, -> [background only]
frame_000462,-1.0,3.0677,17.0364,4.8251,24.9308,-1,0.0, -> [background only]
frame_000463,-1.0,2.5117,17.5219,5.1893,25.2247,-1,0.0, -> [background only]
frame_000464,-1.0,1.6666,16.2135,4.5192,22.4007,-1,0.0, -> [background only]
frame_000465,-1.0,2.1112,17.5972,5.2018,24.9119,-1,0.0, -> [background only]
frame_000466,-1.0,2.0718,17.2864,4.5245,23.8845,-1,0.0, -> [background only]
frame_000467,-1.0,1.5775,16.1633,5.2536,22.9962,-1,0.0, -> [background only]
frame_000468,-1.0,1.9155,14.4263,4.9754,21.3189,-1,0.0, -> [background only]
frame_000469,-1.0,1.7831,14.6047,5.2939,21.6829,-1,0.0, -> [background only]
frame_000470,-1.0,1.724,14.8274,4.8082,21.3607,-1,0.0, -> [background only]
frame_000471,-1.0,2.2128,19.3288,5.6499,27.1926,-1,0.0, -> [background only]
frame_000472,-1.0,1.9833,14.2651,4.7187,20.9684,-1,0.0, -> [background only]
frame_000473,-1.0,1.8834,14.526,5.2834,21.6941,-1,0.0, -> [background only]
frame_000474,-1.0,1.6868,14.6129,4.9282,21.2289,-1,0.0, -> [background only]
frame_000475,-1.0,1.8185,14.277,5.2348,21.3312,-1,0.0, -> [background only]
frame_000476,-1.0,2.1986,14.2582,4.9412,21.3995,-1,0.0, -> [background only]
frame_000477,-1.0,1.8567,17.3483,5.4257,24.6319,-1,0.0, -> [background only]
frame_000478,-1.0,1.7388,16.9194,4.7043,23.3638,-1,0.0, -> [background only]
frame_000479,-1.0,1.706,15.0023,5.2674,21.9771,-1,0.0, -> [background only]
frame_000480,-1.0,1.6879,14.3436,4.6827,20.7155,-1,0.0, -> [background only]
frame_000481,-1.0,1.8692,14.4386,5.2182,21.5274,-1,0.0, -> [background only]
frame_000482,-1.0,1.763,14.2451,4.7473,20.7567,-1,0.0, -> [background only]
frame_000483,-1.0,1.7229,14.3915,5.3425,21.4583,-1,0.0, -> [background only]
frame_000484,-1.0,1.7744,14.3474,4.8073,20.9302,-1,0.0, -> [background only]
frame_000485,-1.0,1.728,15.165,5.2163,22.1105,-1,0.0, -> [background only]
frame_000486,-1.0,1.7082,14.3371,4.9099,20.9566,-1,0.0, -> [background only]
frame_000487,-1.0,1.72,14.3635,5.2392,21.3242,-1,0.0, -> [background only]
frame_000488,-1.0,1.7155,14.2892,4.956,20.9624,-1,0.0, -> [background only]
frame_000489,-1.0,1.7719,15.2122,5.2805,22.2661,-1,0.0, -> [background only]
frame_000490,-1.0,1.7201,14.4609,4.8144,20.9967,-1,0.0, -> [background only]
frame_000491,-1.0,1.6598,14.259,5.2233,21.1435,-1,0.0, -> [background only]
frame_000492,-1.0,1.7089,14.3498,4.6927,20.7528,-1,0.0, -> [background only]
frame_000493,-1.0,1.6833,14.4441,5.1846,21.3133,-1,0.0, -> [background only]
frame_000494,-1.0,1.6962,14.3272,4.8271,20.8517,-1,0.0, -> [background only]
frame_000495,-1.0,1.7703,14.3274,5.2326,21.3316,-1,0.0, -> [background only]
frame_000496,-1.0,2.1395,14.6508,4.861,21.6524,-1,0.0, -> [background only]
frame_000497,-1.0,1.8335,14.3791,5.4465,21.6607,-1,0.0, -> [background only]
frame_000498,-1.0,2.7582,14.6755,4.883,22.3176,-1,0.0, -> [background only]
frame_000499,-1.0,2.2117,14.3922,5.1483,21.7533,-1,0.0, -> [background only]
frame_000500,-1.0,1.6854,19.2471,4.9275,25.8615,-1,0.0, -> [background only]
frame_000501,-1.0,3.9075,14.2878,5.2398,23.4365,-1,0.0, -> [background only]
frame_000502,-1.0,3.5524,17.0495,4.9365,25.5396,-1,0.0, -> [background only]
frame_000503,-1.0,3.415,14.5721,5.1331,23.1216,-1,0.0, -> [background only]
frame_000504,-1.0,2.7123,14.3552,4.9099,21.9785,-1,0.0, -> [background only]
frame_000505,-1.0,2.2334,14.355,4.9853,21.575,-1,0.0, -> [background only]
frame_000506,-1.0,1.6827,14.4594,5.0534,21.1966,-1,0.0, -> [background only]
frame_000507,-1.0,2.2584,14.4448,5.0562,21.7606,-1,0.0, -> [background only]
frame_000508,-1.0,2.416,14.8246,5.0396,22.2902,-1,0.0, -> [background only]
frame_000509,-1.0,1.7959,19.3718,5.5454,26.7145,-1,0.0, -> [background only]
frame_000510,-1.0,1.8354,14.5404,5.0507,21.4278,-1,0.0, -> [background only]
frame_000511,-1.0,3.3963,15.7691,5.2343,24.4015,-1,0.0, -> [background only]
frame_000512,-1.0,3.0023,17.0935,4.8595,24.9573,-1,0.0, -> [background only]
frame_000513,-1.0,3.0039,17.3445,5.1776,25.5285,-1,0.0, -> [background only]
frame_000514,-1.0,2.5633,17.176,4.8703,24.6116,-1,0.0, -> [background only]
frame_000515,-1.0,4.9269,15.9333,5.1806,26.0423,-1,0.0, -> [background only]
frame_000516,-1.0,4.7474,16.4935,4.8388,26.0813,-1,0.0, -> [background only]
frame_000517,-1.0,3.3474,18.6088,5.1581,27.1162,-1,0.0, -> [background only]
frame_000518,-1.0,2.8022,16.3842,4.8548,24.0429,-1,0.0, -> [background only]
frame_000519,-1.0,4.4518,15.9306,5.1715,25.5555,-1,0.0, -> [background only]
frame_000520,-1.0,4.4314,20.4599,4.8755,29.7687,-1,0.0, -> [background only]
frame_000521,-1.0,4.6251,16.1151,5.1574,25.8992,-1,0.0, -> [background only]
frame_000522,-1.0,5.0359,16.6449,4.8622,26.5445,-1,0.0, -> [background only]
frame_000523,-1.0,4.3269,19.7427,5.1579,29.229,-1,0.0, -> [background only]
frame_000524,-1.0,3.1404,16.9852,4.9317,25.0591,-1,0.0, -> [background only]
frame_000525,-1.0,2.8392,16.6077,5.4094,24.8586,-1,0.0, -> [background only]
frame_000526,-1.0,1.9705,17.1047,5.0767,24.1535,-1,0.0, -> [train (Right): 2%]
frame_000527,-1.0,2.4051,16.5643,5.2684,24.2394,-1,0.0, -> [train (Right): 4%]
frame_000528,-1.0,2.0997,20.3085,4.8781,27.2881,-1,0.0, -> [background only]
frame_000529,-1.0,1.7299,16.5866,5.2191,23.5373,-1,0.0, -> [background only]
frame_000530,-1.0,2.0991,16.8188,4.8584,23.7782,-1,0.0, -> [background only]
frame_000531,-1.0,2.2103,17.4232,5.1573,24.7927,-1,0.0, -> [background only]
frame_000532,-1.0,2.3115,17.5264,4.8575,24.6972,-1,0.0, -> [background only]
frame_000533,-1.0,2.0601,17.34,5.2866,24.6885,-1,0.0, -> [background only]
frame_000534,-1.0,2.4251,17.4839,4.9119,24.8229,-1,0.0, -> [background only]
frame_000535,-1.0,2.836,16.5611,5.3164,24.7155,-1,0.0, -> [background only]
frame_000536,-1.0,5.1261,18.4182,4.8623,28.4085,-1,0.0, -> [background only]
frame_000537,-1.0,5.7256,16.4645,5.3121,27.504,-1,0.0, -> [background only]
frame_000538,-1.0,3.1817,16.7456,4.8392,24.7682,-1,0.0, -> [background only]
frame_000539,-1.0,1.9291,15.967,5.191,23.0893,-1,0.0, -> [background only]
frame_000540,-1.0,3.1849,16.4461,4.9722,24.6048,-1,0.0, -> [background only]
frame_000541,-1.0,2.9861,16.8717,5.1833,25.0432,-1,0.0, -> [background only]
frame_000542,-1.0,2.7614,17.1247,4.9046,24.7927,-1,0.0, -> [background only]
frame_000543,-1.0,2.625,17.155,5.291,25.0726,-1,0.0, -> [background only]
frame_000544,-1.0,2.165,17.2008,5.0059,24.3738,-1,0.0, -> [chair (Right): 2%]
frame_000545,-1.0,4.0804,16.8032,5.2755,26.1609,-1,0.0, -> [background only]
frame_000546,-1.0,1.8829,16.7385,4.8812,23.5041,-1,0.0, -> [background only]
frame_000547,-1.0,2.7054,17.1924,5.321,25.2212,-1,0.0, -> [background only]
frame_000548,-1.0,2.7732,16.8612,5.0061,24.6425,-1,0.0, -> [chair (Right): 8%]
frame_000549,-1.0,2.3641,16.7914,5.4051,24.5623,-1,0.0, -> [chair (Right): 8%]
frame_000550,-1.0,5.2537,15.9365,4.9754,26.1671,-1,0.0, -> [chair (Right): 8%]
frame_000551,-1.0,4.9222,16.4807,5.4747,26.8794,-1,0.0, -> [chair (Right): 8%]
frame_000552,-1.0,2.2354,16.0927,4.9983,23.328,-1,0.0, -> [chair (Right): 8%]
frame_000553,-1.0,4.5838,16.562,5.3107,26.458,-1,0.0, -> [chair (Right): 9%]
frame_000554,-1.0,3.7091,15.6326,5.0424,24.3852,-1,0.0, -> [chair (Right): 10%]
frame_000555,-1.0,4.0404,16.687,5.3102,26.0391,-1,0.0, -> [chair (Right): 14%]
frame_000556,-1.0,2.5818,16.0716,4.9852,23.6402,-1,0.0, -> [chair (Right): 12%]
frame_000557,-1.0,2.8813,17.1002,5.3,25.2833,-1,0.0, -> [chair (Right): 14%]
frame_000558,-1.0,2.4852,17.1581,5.0455,24.691,-1,0.0, -> [chair (Right): 14%]
frame_000559,-1.0,2.4654,17.9244,5.4307,25.8223,-1,0.0, -> [chair (Right): 14%]
frame_000560,-1.0,2.0868,17.1507,5.0791,24.3183,-1,0.0, -> [chair (Right): 15%]
frame_000561,-1.0,2.4894,17.1067,5.4083,25.0061,-1,0.0, -> [chair (Right): 14%]
frame_000562,-1.0,2.1641,17.0355,5.0084,24.21,-1,0.0, -> [chair (Right): 14%]
frame_000563,-1.0,2.27,16.5511,5.4131,24.2358,-1,0.0, -> [chair (Right): 13%]
frame_000564,-1.0,2.4923,16.8918,5.0248,24.4107,-1,0.0, -> [chair (Right): 15%]
frame_000565,-1.0,2.294,16.8558,5.4377,24.5896,-1,0.0, -> [chair (Right): 16%]
frame_000566,-1.0,3.1793,19.7725,6.0926,29.0463,-1,0.0, -> [chair (Right): 10%]
frame_000567,-1.0,2.2375,18.3247,5.2923,25.8569,-1,0.0, -> [chair (Right): 14%]
frame_000568,-1.0,3.8781,16.0271,5.1104,25.0176,-1,0.0, -> [chair (Right): 11%]
frame_000569,-1.0,3.5663,16.5702,5.3872,25.5253,-1,0.0, -> [chair (Right): 15%]
frame_000570,-1.0,5.2151,16.3422,4.9786,26.538,-1,0.0, -> [chair (Right): 10%]
frame_000571,-1.0,4.3335,18.6315,5.4092,28.3762,-1,0.0, -> [chair (Right): 11%]
frame_000572,-1.0,5.053,16.1266,4.9865,26.1683,-1,0.0, -> [chair (Right): 6%]
frame_000573,-1.0,4.4761,16.5786,5.3514,26.4082,-1,0.0, -> [chair (Center): 5%]
frame_000574,-1.0,4.8305,16.457,4.9924,26.2824,-1,0.0, -> [chair (Right): 6%]
frame_000575,-1.0,3.422,16.3323,5.2638,25.0199,-1,0.0, -> [chair (Center): 4%]
frame_000576,-1.0,3.0827,17.807,4.9124,25.8048,-1,0.0, -> [chair (Center): 6%]
frame_000577,-1.0,2.7547,19.5597,5.2373,27.5537,-1,0.0, -> [chair (Center): 11%]
frame_000578,-1.0,4.7274,16.4774,4.9348,26.1417,-1,0.0, -> [chair (Center): 13%]
frame_000579,-1.0,3.9147,17.25,5.2088,26.3752,-1,0.0, -> [chair (Center): 11%]
frame_000580,-1.0,2.9907,16.6985,4.8962,24.5872,-1,0.0, -> [chair (Center): 9%]
frame_000581,-1.0,2.1723,19.0152,7.5103,28.7,-1,0.0, -> [chair (Center): 15%]
frame_000582,-1.0,2.3039,15.7473,5.0477,23.1005,-1,0.0, -> [chair (Center): 6%]
frame_000583,-1.0,1.6124,15.7802,5.476,22.8701,-1,0.0, -> [chair (Center): 6%]
frame_000584,-1.0,2.8283,16.3162,5.0461,24.1927,-1,0.0, -> [chair (Center): 9%]
frame_000585,-1.0,2.2091,16.7433,5.3306,24.285,-1,0.0, -> [chair (Center): 13%]
frame_000586,-1.0,2.9487,16.6636,5.1231,24.7372,-1,0.0, -> [chair (Center): 7%]
frame_000587,-1.0,2.2724,20.0654,5.4193,27.7592,-1,0.0, -> [chair (Center): 9%]
frame_000588,-1.0,2.1829,17.1485,5.064,24.3972,-1,0.0, -> [chair (Center): 12%]
frame_000589,-1.0,1.993,18.8295,5.3851,26.2092,-1,0.0, -> [chair (Center): 10%]
frame_000590,-1.0,2.7186,17.2716,5.1877,25.18,-1,0.0," -> [chair (Center): 10%, tvmonitor (Top-Right): 1%]"
frame_000591,-1.0,1.9158,20.8371,5.4415,28.1965,-1,0.0," -> [chair (Center): 14%, tvmonitor (Top-Right): 4%]"
frame_000592,-1.0,2.2349,17.1698,8.1828,27.5895,-1,0.0," -> [chair (Center): 15%, tvmonitor (Top-Right): 5%]"
frame_000593,-1.0,4.4543,17.2064,5.5021,27.1647,-1,0.0," -> [chair (Center): 3%, tvmonitor (Top-Right): 1%]"
frame_000594,-1.0,4.9176,16.4586,5.0432,26.4214,-1,0.0, -> [chair (Center): 15%]
frame_000595,-1.0,2.9965,16.9334,5.5059,25.4376,-1,0.0," -> [chair (Center): 9%, tvmonitor (Top-Right): 4%]"
frame_000596,-1.0,2.6201,17.7724,5.1168,25.5111,-1,0.0," -> [chair (Center): 12%, tvmonitor (Top-Right): 4%]"
frame_000597,-1.0,1.4805,16.338,5.7052,23.5253,-1,0.0," -> [chair (Center): 14%, tvmonitor (Top-Right): 4%]"
frame_000598,-1.0,2.7145,18.2971,5.111,26.1244,-1,0.0," -> [chair (Center): 14%, tvmonitor (Top-Right): 1%]"
frame_000599,-1.0,2.0354,16.8776,5.4355,24.35,-1,0.0," -> [chair (Center): 12%, tvmonitor (Top-Right): 4%]"
frame_000600,-1.0,2.1715,17.4812,6.5472,26.2017,-1,0.0, -> [background only]
frame_000601,-1.0,5.6934,16.2817,5.4588,27.4354,-1,0.0, -> [chair (Center): 9%]
frame_000602,-1.0,2.9159,16.9816,5.3741,25.2733,-1,0.0, -> [chair (Center): 5%]
frame_000603,-1.0,2.7256,17.2313,5.4905,25.4493,-1,0.0, -> [chair (Center): 9%]
frame_000604,-1.0,2.7238,17.1698,5.104,24.9991,-1,0.0, -> [chair (Left): 7%]
frame_000605,-1.0,2.0628,17.315,5.3636,24.7432,-1,0.0," -> [bicycle (Bottom-Right): 1%, chair (Left): 6%]"
frame_000606,-1.0,2.0347,17.2284,5.0811,24.3461,-1,0.0, -> [chair (Left): 6%]
frame_000607,-1.0,4.8623,17.285,5.3944,27.5438,-1,0.0, -> [bicycle (Center): 24%]
frame_000608,-1.0,2.3619,16.6944,6.2908,25.3488,-1,0.0, -> [bicycle (Center): 21%]
frame_000609,-1.0,3.1921,16.881,5.4196,25.4944,-1,0.0, -> [bicycle (Bottom): 8%]
frame_000610,-1.0,2.056,16.3358,5.0991,23.4927,-1,0.0," -> [bicycle (Bottom-Right): 1%, chair (Left): 7%]"
frame_000611,-1.0,6.5311,16.7337,5.4775,28.7448,-1,0.0," -> [bicycle (Center): 4%, motorbike (Top-Right): 4%]"
frame_000612,-1.0,2.059,20.2887,5.3756,27.7249,-1,0.0," -> [bicycle (Bottom): 3%, chair (Left): 2%, motorbike (Top-Right): 1%]"
frame_000613,-1.0,2.7732,16.9316,6.8973,26.604,-1,0.0, -> [chair (Left): 6%]
frame_000614,-1.0,3.4839,16.861,5.1809,25.5278,-1,0.0," -> [bicycle (Bottom): 8%, chair (Left): 2%]"
frame_000615,-1.0,2.1548,17.142,5.3352,24.634,-1,0.0," -> [bicycle (Center): 18%, motorbike (Top-Left): 1%]"
frame_000616,-1.0,2.088,18.1388,5.1924,25.4212,-1,0.0," -> [bicycle (Center): 1%, chair (Left): 3%]"
frame_000617,-1.0,2.7771,16.6863,5.1792,24.6443,-1,0.0, -> [background only]
frame_000618,-1.0,6.007,16.3368,5.1639,27.509,-1,0.0, -> [motorbike (Center): 37%]
frame_000619,-1.0,3.1641,16.9057,5.425,25.4968,-1,0.0," -> [bicycle (Bottom): 1%, motorbike (Center): 15%]"
frame_000620,-1.0,2.6449,17.2265,5.1347,25.0078,-1,0.0, -> [motorbike (Center): 24%]
frame_000621,-1.0,2.6751,18.0274,5.4105,26.1152,-1,0.0," -> [bicycle (Center): 21%, motorbike (Right): 20%]"
frame_000622,-1.0,2.5173,16.4645,5.202,24.1854,-1,0.0," -> [bicycle (Center): 23%, motorbike (Top): 17%]"
frame_000623,-1.0,2.8416,17.3862,5.34,25.5697,-1,0.0," -> [bicycle (Center): 23%, motorbike (Center): 33%]"
frame_000624,-1.0,2.1455,16.7235,4.9923,23.8631,-1,0.0, -> [bicycle (Center): 6%]
frame_000625,-1.0,2.8396,16.8121,5.3913,25.0447,-1,0.0," -> [bicycle (Bottom): 14%, motorbike (Top): 9%]"
frame_000626,-1.0,1.4757,14.4285,5.1573,21.0633,-1,0.0, -> [bicycle (Center): 4%]
frame_000627,-1.0,1.8208,15.078,5.2941,22.1944,-1,0.0, -> [bicycle (Center): 3%]
frame_000628,-1.0,1.7898,14.3549,5.0679,21.214,-1,0.0, -> [bicycle (Center): 13%]
frame_000629,-1.0,2.3011,16.6567,5.2583,24.2173,-1,0.0, -> [bicycle (Bottom): 9%]
frame_000630,-1.0,2.8431,14.4284,5.127,22.3997,-1,0.0," -> [bicycle (Bottom): 4%, chair (Top): 1%]"
frame_000631,-1.0,2.8948,14.3651,5.2388,22.4998,-1,0.0, -> [tvmonitor (Right): 10%]
frame_000632,-1.0,1.7597,14.3727,5.0011,21.1347,-1,0.0, -> [tvmonitor (Bottom-Right): 3%]
frame_000633,-1.0,1.7974,14.3523,5.4153,21.566,-1,0.0," -> [chair (Top-Left): 2%, tvmonitor (Bottom-Right): 5%]"
frame_000634,-1.0,1.8107,14.417,5.0521,21.2808,-1,0.0, -> [tvmonitor (Center): 10%]
frame_000635,-1.0,4.1721,14.4263,5.2369,23.8365,-1,0.0, -> [tvmonitor (Bottom): 6%]
frame_000636,-1.0,2.5295,14.341,5.0754,21.947,-1,0.0, -> [tvmonitor (Bottom): 5%]
frame_000637,-1.0,3.2161,14.8442,5.2004,23.262,-1,0.0, -> [tvmonitor (Bottom): 1%]
frame_000638,-1.0,2.6708,14.2936,5.2173,22.183,-1,0.0," -> [chair (Center): 11%, tvmonitor (Center): 11%]"
frame_000639,-1.0,3.5752,14.2982,5.4692,23.3437,-1,0.0," -> [chair (Center): 11%, tvmonitor (Bottom): 7%]"
frame_000640,-1.0,2.5215,14.4638,5.2701,22.2566,-1,0.0," -> [chair (Center): 13%, tvmonitor (Center): 9%]"
frame_000641,-1.0,2.444,14.2898,5.3868,22.1215,-1,0.0," -> [chair (Center): 4%, tvmonitor (Bottom): 6%]"
frame_000642,-1.0,1.8455,14.4662,6.663,22.9759,-1,0.0," -> [chair (Center): 16%, tvmonitor (Center): 13%]"
frame_000643,-1.0,2.3332,14.4079,5.3687,22.111,-1,0.0," -> [chair (Center): 17%, tvmonitor (Left): 17%]"
frame_000644,-1.0,2.3254,14.3019,5.3323,21.9607,-1,0.0," -> [chair (Center): 20%, tvmonitor (Left): 15%]"
frame_000645,-1.0,1.7594,14.3444,5.3672,21.4724,-1,0.0," -> [chair (Center): 14%, tvmonitor (Left): 18%]"
frame_000646,-1.0,1.8001,14.3156,5.3253,21.4422,-1,0.0," -> [chair (Center): 17%, tvmonitor (Left): 15%]"
frame_000647,-1.0,2.4874,15.0089,5.3369,22.8344,-1,0.0," -> [chair (Center): 12%, tvmonitor (Left): 17%]"
frame_000648,-1.0,1.7315,14.5033,7.1361,23.3723,-1,0.0," -> [chair (Center): 12%, tvmonitor (Left): 15%]"
frame_000649,-1.0,2.701,14.2605,5.3312,22.2939,-1,0.0," -> [chair (Center): 8%, tvmonitor (Left): 15%]"
frame_000650,-1.0,3.3896,14.3968,5.2762,23.0638,-1,0.0," -> [chair (Center): 8%, tvmonitor (Left): 11%]"
frame_000651,-1.0,2.7157,14.6229,5.3787,22.7185,-1,0.0," -> [chair (Center): 8%, tvmonitor (Left): 10%]"
frame_000652,-1.0,3.5274,14.3505,5.2953,23.1744,-1,0.0," -> [chair (Center): 7%, tvmonitor (Left): 9%]"
frame_000653,-1.0,2.7405,14.7936,5.42,22.9554,-1,0.0," -> [chair (Center): 6%, tvmonitor (Left): 10%]"
frame_000654,-1.0,2.7581,15.7405,5.5035,24.0042,-1,0.0," -> [chair (Center): 6%, tvmonitor (Left): 7%]"
frame_000655,-1.0,2.616,14.2802,5.6098,22.5074,-1,0.0," -> [chair (Center): 9%, tvmonitor (Left): 5%]"
frame_000656,-1.0,1.6925,14.4983,5.4277,21.62,-1,0.0," -> [chair (Center): 8%, tvmonitor (Bottom-Left): 3%]"
frame_000657,-1.0,3.447,14.3507,5.4697,23.2689,-1,0.0, -> [chair (Left): 7%]
frame_000658,-1.0,2.663,16.7933,5.3362,24.7941,-1,0.0, -> [chair (Left): 8%]
frame_000659,-1.0,2.0319,14.2975,5.4747,21.8057,-1,0.0, -> [chair (Left): 11%]
frame_000660,-1.0,2.2503,14.4164,5.2165,21.8847,-1,0.0, -> [chair (Left): 9%]
frame_000661,-1.0,1.7013,14.34,5.6257,21.6683,-1,0.0, -> [chair (Left): 12%]
frame_000662,-1.0,2.2284,14.2956,7.2549,23.7805,-1,0.0, -> [chair (Left): 12%]
frame_000663,-1.0,2.5052,14.7532,5.5387,22.7984,-1,0.0, -> [chair (Left): 7%]
frame_000664,-1.0,2.2165,18.4933,5.6318,26.3426,-1,0.0, -> [chair (Left): 8%]
frame_000665,-1.0,1.5605,14.284,5.5198,21.3654,-1,0.0, -> [chair (Left): 10%]
frame_000666,-1.0,3.2596,14.5243,5.3409,23.1257,-1,0.0, -> [chair (Left): 5%]
frame_000667,-1.0,2.1651,16.5233,5.4597,24.149,-1,0.0, -> [chair (Left): 2%]
frame_000668,-1.0,2.1532,14.3506,5.4023,21.9078,-1,0.0, -> [background only]
frame_000669,-1.0,1.334,14.6205,5.577,21.5324,-1,0.0, -> [car (Bottom): 1%]
frame_000670,-1.0,1.7015,14.4958,5.26,21.4581,-1,0.0, -> [car (Bottom-Left): 1%]
frame_000671,-1.0,1.6852,14.4234,5.4299,21.5396,-1,0.0, -> [car (Bottom-Left): 1%]
frame_000672,-1.0,1.624,14.3508,5.3741,21.3498,-1,0.0, -> [car (Bottom-Left): 1%]
frame_000673,-1.0,1.633,14.4127,6.6944,22.7412,-1,0.0, -> [car (Bottom-Left): 1%]
frame_000674,-1.0,3.5574,19.2368,5.2098,28.0051,-1,0.0, -> [background only]
frame_000675,-1.0,2.363,14.303,5.3582,22.025,-1,0.0, -> [background only]
frame_000676,-1.0,1.6206,14.4743,5.3012,21.397,-1,0.0, -> [car (Bottom-Left): 1%]
frame_000677,-1.0,2.1,14.3539,5.4575,21.9125,-1,0.0, -> [person (Right): 2%]
frame_000678,-1.0,1.6102,14.4638,5.3155,21.3906,-1,0.0, -> [person (Right): 2%]
frame_000679,-1.0,1.6278,14.358,5.4421,21.4287,-1,0.0, -> [person (Right): 1%]
frame_000680,-1.0,1.9158,14.7931,5.3177,22.0278,-1,0.0, -> [background only]
frame_000681,-1.0,1.6769,14.3964,5.4164,21.4911,-1,0.0, -> [person (Right): 2%]
frame_000682,-1.0,1.6078,14.3783,5.3233,21.3103,-1,0.0, -> [person (Right): 1%]
frame_000683,-1.0,2.1773,14.5103,4.8992,21.5883,-1,0.0, -> [person (Right): 2%]
frame_000684,-1.0,1.7721,19.48,4.5001,25.7535,-1,0.0, -> [person (Right): 1%]
frame_000685,-1.0,2.5556,14.2296,4.6984,21.4846,-1,0.0, -> [person (Right): 2%]
frame_000686,-1.0,1.8505,14.3401,4.4176,20.6091,-1,0.0, -> [person (Right): 1%]
frame_000687,-1.0,3.0065,14.7773,4.5966,22.3816,-1,0.0, -> [background only]
frame_000688,-1.0,1.8517,17.5611,5.118,24.5317,-1,0.0, -> [background only]
frame_000689,-1.0,2.2626,14.2969,4.6604,21.2212,-1,0.0, -> [person (Right): 1%]
frame_000690,-1.0,1.9738,14.4003,4.2682,20.6432,-1,0.0, -> [background only]
frame_000691,-1.0,1.7643,14.2912,4.5838,20.6405,-1,0.0, -> [background only]
frame_000692,-1.0,1.9385,14.2973,4.4304,20.6673,-1,0.0, -> [background only]
frame_000693,-1.0,1.8785,14.4326,4.5726,20.8847,-1,0.0, -> [background only]
frame_000694,-1.0,1.5738,14.4285,4.4195,20.4229,-1,0.0, -> [background only]
frame_000695,-1.0,1.8473,14.3118,4.6516,20.8119,-1,0.0, -> [background only]
frame_000696,-1.0,1.9068,14.5684,4.4348,20.9111,-1,0.0, -> [background only]
frame_000697,-1.0,1.4149,18.8578,5.0003,25.2743,-1,0.0, -> [background only]
frame_000698,-1.0,1.873,14.2516,5.8665,21.9922,-1,0.0, -> [background only]
frame_000699,-1.0,2.921,14.3129,4.5604,21.7953,-1,0.0, -> [background only]
frame_000700,-1.0,1.8607,14.3526,4.4294,20.6439,-1,0.0, -> [background only]
frame_000701,-1.0,2.4538,14.2407,4.5713,21.267,-1,0.0, -> [background only]
frame_000702,-1.0,1.4661,15.8058,4.5886,21.8614,-1,0.0, -> [background only]
frame_000703,-1.0,1.8917,14.6741,4.6605,21.2273,-1,0.0, -> [background only]
frame_000704,-1.0,1.9343,14.2811,6.1182,22.3347,-1,0.0, -> [background only]
frame_000705,-1.0,2.3671,18.4486,4.5774,25.3943,-1,0.0, -> [background only]
frame_000706,-1.0,2.4114,15.0593,4.3967,21.8684,-1,0.0, -> [background only]
frame_000707,-1.0,3.1462,16.4261,4.5796,24.153,-1,0.0, -> [background only]
frame_000708,-1.0,2.3355,15.9012,4.3758,22.6135,-1,0.0, -> [background only]
frame_000709,-1.0,1.8926,14.2697,4.5804,20.7436,-1,0.0, -> [background only]
frame_000710,-1.0,3.0736,15.0891,4.4625,22.6264,-1,0.0, -> [background only]
frame_000711,-1.0,2.7255,14.9633,4.739,22.4291,-1,0.0, -> [background only]
frame_000712,-1.0,1.7815,14.3597,4.4804,20.6227,-1,0.0, -> [background only]
frame_000713,-1.0,1.6848,14.3283,4.693,20.7073,-1,0.0, -> [background only]
frame_000714,-1.0,2.1342,14.2881,4.357,20.7802,-1,0.0, -> [background only]
frame_000715,-1.0,1.891,14.3538,4.6723,20.9185,-1,0.0, -> [background only]
frame_000716,-1.0,1.9158,14.2874,4.3819,20.5863,-1,0.0, -> [background only]
frame_000717,-1.0,1.8202,14.2422,4.6973,20.7608,-1,0.0, -> [background only]
frame_000718,-1.0,1.9569,14.2514,4.3914,20.6008,-1,0.0, -> [background only]
frame_000719,-1.0,1.9253,14.6172,4.6716,21.2154,-1,0.0, -> [background only]
frame_000720,-1.0,1.9178,14.4306,4.3525,20.7022,-1,0.0, -> [background only]
frame_000721,-1.0,1.9539,14.223,4.6566,20.8346,-1,0.0, -> [background only]
frame_000722,-1.0,2.2012,14.3141,4.3384,20.8548,-1,0.0, -> [background only]
frame_000723,-1.0,1.8721,15.4507,4.6444,21.9683,-1,0.0, -> [background only]
frame_000724,-1.0,2.216,14.7575,4.3598,21.3345,-1,0.0, -> [background only]
frame_000725,-1.0,3.0965,14.2928,4.6925,22.0829,-1,0.0, -> [background only]
frame_000726,-1.0,1.9734,16.5039,4.2882,22.7668,-1,0.0, -> [background only]
frame_000727,-1.0,1.659,14.6178,4.5313,20.8091,-1,0.0, -> [background only]
frame_000728,-1.0,2.43,14.7886,4.458,21.6776,-1,0.0, -> [background only]
frame_000729,-1.0,2.9917,19.6279,4.8871,27.5079,-1,0.0, -> [background only]
frame_000730,-1.0,2.4178,14.5901,4.492,21.5014,-1,0.0, -> [background only]
frame_000731,-1.0,2.7007,14.2976,4.4948,21.4944,-1,0.0, -> [background only]
frame_000732,-1.0,2.2379,16.4443,4.3227,23.0061,-1,0.0, -> [background only]
frame_000733,-1.0,1.844,14.6496,4.6418,21.137,-1,0.0, -> [background only]
frame_000734,-1.0,1.835,17.7802,4.2792,23.8954,-1,0.0, -> [background only]
frame_000735,-1.0,2.595,14.2609,4.6289,21.4857,-1,0.0, -> [background only]
frame_000736,-1.0,1.8567,14.3767,4.453,20.6876,-1,0.0, -> [background only]
frame_000737,-1.0,2.6358,14.2644,4.492,21.3938,-1,0.0, -> [background only]
frame_000738,-1.0,1.944,14.5616,4.4369,20.9438,-1,0.0, -> [background only]
frame_000739,-1.0,2.3475,14.2775,4.5163,21.1432,-1,0.0, -> [background only]
frame_000740,-1.0,1.652,14.5163,4.375,20.5451,-1,0.0, -> [background only]
frame_000741,-1.0,1.8633,14.2393,4.5573,20.6612,-1,0.0, -> [background only]
frame_000742,-1.0,1.8726,14.2802,4.3495,20.5036,-1,0.0, -> [background only]
frame_000743,-1.0,1.8391,17.9596,4.5145,24.3142,-1,0.0, -> [background only]
frame_000744,-1.0,1.9199,14.2444,4.3387,20.5044,-1,0.0, -> [background only]
frame_000745,-1.0,1.9117,18.3021,4.557,24.772,-1,0.0, -> [background only]
frame_000746,-1.0,1.9334,15.5985,4.3439,21.8776,-1,0.0, -> [background only]
frame_000747,-1.0,1.8876,14.3025,4.4981,20.6894,-1,0.0, -> [background only]
frame_000748,-1.0,2.3257,14.6507,4.4563,21.4339,-1,0.0, -> [background only]
frame_000749,-1.0,2.324,14.2833,4.7517,21.3604,-1,0.0, -> [background only]
frame_000750,-1.0,1.8869,14.4221,4.3001,20.6102,-1,0.0, -> [background only]
frame_000751,-1.0,1.8223,14.2416,4.5043,20.5696,-1,0.0, -> [background only]
frame_000752,-1.0,1.9535,14.3375,5.2943,21.5864,-1,0.0, -> [background only]
frame_000753,-1.0,2.428,14.2445,4.5122,21.1858,-1,0.0, -> [background only]
frame_000754,-1.0,1.4648,14.5533,4.6394,20.6589,-1,0.0, -> [background only]
frame_000755,-1.0,1.3962,14.2659,4.5758,20.2388,-1,0.0, -> [background only]
frame_000756,-1.0,1.8487,14.4946,4.4187,20.7629,-1,0.0, -> [background only]
frame_000757,-1.0,2.2663,14.4164,4.6142,21.298,-1,0.0, -> [background only]
frame_000758,-1.0,2.0264,14.3627,5.4267,21.8173,-1,0.0, -> [background only]
frame_000759,-1.0,3.0231,14.3061,4.648,21.9783,-1,0.0, -> [background only]
frame_000760,-1.0,1.7667,14.5395,4.3359,20.6432,-1,0.0, -> [background only]
frame_000761,-1.0,3.3296,14.6888,4.6792,22.6987,-1,0.0, -> [background only]
frame_000762,-1.0,2.0192,14.407,4.369,20.7961,-1,0.0, -> [background only]
frame_000763,-1.0,1.9081,14.6169,4.642,21.168,-1,0.0, -> [background only]
frame_000764,-1.0,1.9051,18.4372,4.3376,24.6813,-1,0.0, -> [background only]
frame_000765,-1.0,1.8649,14.3393,4.5195,20.7247,-1,0.0, -> [background only]
frame_000766,-1.0,1.8299,14.4837,4.3239,20.6386,-1,0.0, -> [background only]
frame_000767,-1.0,1.9312,14.327,5.5398,21.7988,-1,0.0, -> [background only]
frame_000768,-1.0,2.9734,14.3239,4.4127,21.7112,-1,0.0, -> [background only]
frame_000769,-1.0,1.5311,14.5486,4.5005,20.5816,-1,0.0, -> [background only]
frame_000770,-1.0,1.8897,14.516,4.6001,21.0069,-1,0.0, -> [background only]
frame_000771,-1.0,1.8836,14.424,6.2242,22.5333,-1,0.0, -> [background only]
frame_000772,-1.0,2.7029,14.3098,4.48,21.4939,-1,0.0, -> [background only]
frame_000773,-1.0,1.9802,18.6128,4.5064,25.1008,-1,0.0, -> [background only]
frame_000774,-1.0,2.4147,14.3542,4.4073,21.1773,-1,0.0, -> [chair (Center): 4%]
frame_000775,-1.0,2.248,14.7646,4.6733,21.687,-1,0.0, -> [chair (Center): 8%]
frame_000776,-1.0,1.8242,14.3888,5.6184,21.8324,-1,0.0, -> [chair (Center): 3%]
frame_000777,-1.0,3.6692,14.9454,4.802,23.4178,-1,0.0, -> [chair (Center): 7%]
frame_000778,-1.0,2.8374,14.9729,4.5314,22.3427,-1,0.0, -> [chair (Center): 7%]
frame_000779,-1.0,1.8316,14.2688,4.7807,20.8821,-1,0.0, -> [chair (Center): 10%]
frame_000780,-1.0,2.4812,18.5828,5.1189,26.1837,-1,0.0, -> [chair (Top): 21%]
frame_000781,-1.0,2.6526,14.321,4.7923,21.7671,-1,0.0, -> [chair (Center): 10%]
frame_000782,-1.0,1.8627,14.3612,4.5397,20.7647,-1,0.0, -> [chair (Center): 6%]
frame_000783,-1.0,1.5218,17.5754,4.8887,23.9872,-1,0.0, -> [chair (Center): 4%]
frame_000784,-1.0,1.8413,15.5341,4.6205,21.9967,-1,0.0, -> [chair (Center): 1%]
frame_000785,-1.0,1.7854,18.0345,5.2008,25.0215,-1,0.0, -> [chair (Center): 2%]
frame_000786,-1.0,1.8372,14.3742,4.4431,20.6558,-1,0.0, -> [chair (Center): 1%]
frame_000787,-1.0,2.5599,14.5028,4.7699,21.8336,-1,0.0, -> [chair (Right): 7%]
frame_000788,-1.0,3.7579,14.4574,4.4652,22.6814,-1,0.0, -> [chair (Right): 9%]
frame_000789,-1.0,2.7981,14.2838,4.7705,21.8537,-1,0.0, -> [chair (Right): 15%]
frame_000790,-1.0,2.4222,14.3107,4.6723,21.4064,-1,0.0, -> [chair (Right): 13%]
frame_000791,-1.0,1.8129,14.3761,4.7948,20.9847,-1,0.0, -> [chair (Right): 13%]
frame_000792,-1.0,2.2641,14.2799,4.6568,21.2017,-1,0.0, -> [chair (Right): 16%]
frame_000793,-1.0,1.7572,14.6863,5.8395,22.2841,-1,0.0, -> [chair (Right): 9%]
frame_000794,-1.0,2.2174,14.3011,4.6578,21.1771,-1,0.0, -> [chair (Right): 5%]
frame_000795,-1.0,1.7751,14.3129,4.6838,20.7729,-1,0.0, -> [chair (Right): 1%]
frame_000796,-1.0,1.7852,14.2975,4.6565,20.7402,-1,0.0, -> [chair (Right): 10%]
frame_000797,-1.0,2.2163,14.7644,4.8236,21.8056,-1,0.0, -> [chair (Right): 16%]
frame_000798,-1.0,3.2227,15.0609,4.4528,22.7378,-1,0.0, -> [background only]
frame_000799,-1.0,2.7705,14.4307,4.6573,21.8594,-1,0.0, -> [background only]
frame_000800,-1.0,1.5111,14.4306,4.2342,20.1768,-1,0.0, -> [background only]
frame_000801,-1.0,2.1331,14.5677,4.8539,21.5556,-1,0.0, -> [background only]
frame_000802,-1.0,1.7832,14.4304,4.3566,20.5711,-1,0.0, -> [chair (Center): 3%]
frame_000803,-1.0,1.9328,15.6365,4.7838,22.354,-1,0.0, -> [chair (Center): 5%]
frame_000804,-1.0,1.7937,14.553,4.3427,20.6906,-1,0.0, -> [chair (Center): 2%]
frame_000805,-1.0,3.4472,14.4369,4.7711,22.6562,-1,0.0, -> [chair (Center): 5%]
frame_000806,-1.0,2.2744,17.9031,5.0691,25.2475,-1,0.0, -> [chair (Center): 3%]
frame_000807,-1.0,1.6967,14.4376,4.5348,20.67,-1,0.0, -> [background only]
frame_000808,-1.0,2.5782,14.4367,4.6483,21.6644,-1,0.0, -> [chair (Center): 7%]
frame_000809,-1.0,2.3639,14.4217,4.8766,21.6633,-1,0.0, -> [chair (Center): 6%]
frame_000810,-1.0,1.8584,14.3536,5.8884,22.1014,-1,0.0," -> [chair (Center): 7%, pottedplant (Bottom-Left): 1%]"
frame_000811,-1.0,2.2843,14.3654,5.0599,21.7107,-1,0.0, -> [chair (Center): 7%]
frame_000812,-1.0,1.5438,14.3342,4.6085,20.4879,-1,0.0, -> [chair (Right): 9%]
frame_000813,-1.0,2.0386,14.4665,5.0041,21.5108,-1,0.0, -> [chair (Right): 8%]
frame_000814,-1.0,1.5479,14.356,4.68,20.5857,-1,0.0, -> [chair (Right): 8%]
frame_000815,-1.0,1.7618,14.3413,6.1098,22.2142,-1,0.0, -> [chair (Right): 8%]
frame_000816,-1.0,2.3243,14.415,4.4413,21.1819,-1,0.0, -> [chair (Right): 8%]
frame_000817,-1.0,2.3721,14.3281,4.9634,21.6651,-1,0.0, -> [chair (Right): 8%]
frame_000818,-1.0,2.3286,14.3523,4.6028,21.2851,-1,0.0, -> [chair (Right): 11%]
frame_000819,-1.0,2.9677,14.6441,4.8713,22.4847,-1,0.0, -> [chair (Right): 10%]
frame_000820,-1.0,2.2885,14.3499,4.6298,21.2692,-1,0.0, -> [chair (Right): 9%]
frame_000821,-1.0,2.3054,14.295,4.8557,21.4577,-1,0.0, -> [chair (Right): 6%]
frame_000822,-1.0,1.7674,14.3617,4.4562,20.5861,-1,0.0, -> [chair (Top-Right): 6%]
frame_000823,-1.0,2.7665,14.4249,4.7794,21.9722,-1,0.0, -> [chair (Top-Right): 5%]
frame_000824,-1.0,2.6527,14.3725,4.514,21.5406,-1,0.0, -> [chair (Top-Right): 4%]
frame_000825,-1.0,2.3525,18.2042,6.0724,26.6305,-1,0.0, -> [chair (Top-Right): 4%]
frame_000826,-1.0,2.7001,15.6007,4.9605,23.2626,-1,0.0, -> [chair (Top-Right): 3%]
frame_000827,-1.0,2.8173,14.4437,5.0974,22.3598,-1,0.0, -> [chair (Top-Right): 2%]
frame_000828,-1.0,2.381,14.3832,6.6174,23.3831,-1,0.0, -> [diningtable (Bottom): 2%]
frame_000829,-1.0,2.7387,14.4698,6.0754,23.2854,-1,0.0, -> [diningtable (Bottom-Right): 8%]
frame_000830,-1.0,2.6942,14.4574,5.784,22.9369,-1,0.0," -> [chair (Bottom-Right): 4%, diningtable (Bottom-Right): 7%]"
frame_000831,-1.0,2.3965,14.4288,5.255,22.0817,-1,0.0," -> [chair (Bottom-Right): 5%, diningtable (Bottom-Right): 6%]"
frame_000832,-1.0,2.3076,14.4749,4.7202,21.5037,-1,0.0, -> [diningtable (Bottom-Right): 8%]
frame_000833,-1.0,1.7123,14.5103,7.1236,23.3473,-1,0.0, -> [diningtable (Bottom-Right): 8%]
frame_000834,-1.0,3.5065,14.5145,4.6922,22.7143,-1,0.0, -> [diningtable (Bottom-Right): 4%]
frame_000835,-1.0,2.8044,14.4326,4.8805,22.1185,-1,0.0, -> [background only]
frame_000836,-1.0,2.2538,14.4575,4.6585,21.3708,-1,0.0, -> [background only]
frame_000837,-1.0,2.8029,19.0943,5.0117,26.9101,-1,0.0, -> [diningtable (Bottom-Right): 2%]
frame_000838,-1.0,2.9631,14.4915,4.7502,22.2057,-1,0.0, -> [diningtable (Bottom-Right): 3%]
frame_000839,-1.0,2.8328,14.619,5.0503,22.5032,-1,0.0, -> [background only]
frame_000840,-1.0,3.8069,14.9232,4.8462,23.5775,-1,0.0, -> [background only]
frame_000841,-1.0,3.4838,16.6574,4.8033,24.9461,-1,0.0, -> [background only]
frame_000842,-1.0,2.7716,16.622,4.5208,23.916,-1,0.0, -> [background only]
frame_000843,-1.0,2.1428,19.4389,4.9752,26.5584,-1,0.0, -> [background only]
frame_000844,-1.0,2.7383,17.0031,4.4893,24.232,-1,0.0, -> [background only]
frame_000845,-1.0,2.1094,16.5445,4.9211,23.5766,-1,0.0, -> [background only]
frame_000846,-1.0,2.7967,15.8681,4.7738,23.4404,-1,0.0, -> [background only]
frame_000847,-1.0,2.7922,17.9625,4.9581,25.7149,-1,0.0, -> [background only]
frame_000848,-1.0,2.8346,16.0694,4.8846,23.7903,-1,0.0, -> [background only]
frame_000849,-1.0,2.8007,16.3095,4.9426,24.0544,-1,0.0, -> [background only]
frame_000850,-1.0,2.1606,16.9029,4.8726,23.9377,-1,0.0, -> [background only]
frame_000851,-1.0,2.3478,17.0986,4.927,24.3748,-1,0.0, -> [background only]
frame_000852,-1.0,2.2276,16.4657,4.8226,23.5176,-1,0.0, -> [background only]
frame_000853,-1.0,2.2857,16.7282,4.9056,23.9213,-1,0.0, -> [background only]
frame_000854,-1.0,2.6776,16.6987,4.8174,24.1953,-1,0.0, -> [background only]
frame_000855,-1.0,2.4471,15.9716,4.9395,23.3596,-1,0.0, -> [background only]
